1200000	
3	30
3	32
3	35
3	45
3	53
3	67
3	68
3	79
4	12
4	15
4	21
4	64
4	68
4	73
4	75
4	93
5	9
5	17
5	49
5	76
6	4
6	4
6	13
6	21
6	22
6	26
6	32
6	36
6	37
6	42
6	44
6	54
6	54
6	70
6	73
6	74
6	77
6	87
6	90
7	22
7	26
7	35
7	43
7	48
7	55
7	62
7	72
7	76
7	81
7	81
8	3
8	16
8	33
8	37
8	47
8	48
8	55
8	65
8	74
9	2
9	5
9	11
9	15
9	24
9	47
9	51
9	62
9	74
9	84
9	89
10	11
10	24
10	30
10	36
10	50
10	53
10	69
11	5
11	9
11	10
11	12
11	21
11	27
11	65
11	65
11	78
11	84
11	95
12	9
12	20
12	24
12	33
12	38
12	38
12	63
12	72
12	74
12	81
12	83
13	1
13	1
13	12
13	21
13	28
13	36
13	38
13	65
13	65
14	1
14	22
14	43
14	63
14	67
14	88
14	99
15	21
15	30
15	36
15	37
15	51
15	52
15	52
15	54
15	60
15	82
15	83
15	90
15	97
16	3
16	28
16	32
16	34
16	45
16	49
16	52
17	3
17	8
17	18
17	21
17	34
17	54
17	64
17	69
17	72
17	84
17	96
17	99
18	16
18	18
18	28
18	31
18	31
18	35
18	56
18	63
18	91
19	12
19	14
19	45
19	54
19	59
19	64
19	69
19	78
19	98
20	1
20	7
20	19
20	20
20	24
20	26
20	31
20	32
20	48
20	62
20	64
20	66
20	69
20	71
20	78
20	80
20	83
20	84
20	89
21	11
21	32
21	39
21	62
21	69
21	77
21	98
21	100
22	2
22	2
22	9
22	16
22	20
22	48
22	52
22	53
22	95
23	1
23	1
23	5
23	74
23	83
23	91
23	97
24	20
24	21
24	23
24	32
24	36
24	39
24	49
24	50
24	59
24	64
24	71
25	1
25	7
25	9
25	13
25	16
25	22
25	32
25	32
25	36
25	43
25	45
25	47
25	47
25	59
25	74
25	95
25	99
26	1
26	11
26	22
26	26
26	37
26	39
26	73
26	88
27	6
27	12
27	31
27	35
27	55
27	55
27	58
27	59
27	71
27	83
27	98
28	2
28	10
28	18
28	30
28	48
28	60
28	60
28	69
28	86
28	86
28	95
28	98
28	99
29	1
29	20
29	31
29	38
29	45
29	51
29	57
29	62
29	76
29	79
29	100
30	11
30	19
30	30
30	50
30	52
30	64
30	67
30	81
31	10
31	19
31	29
31	47
31	65
31	94
32	22
32	24
32	50
32	55
32	61
32	62
32	66
32	69
32	78
32	79
32	81
32	93
33	11
33	22
33	35
33	36
33	41
33	45
33	46
33	70
33	78
33	91
33	97
33	100
34	1
34	36
34	49
34	52
34	66
34	78
34	84
34	98
35	7
35	17
35	20
35	26
35	34
35	50
36	38
36	38
36	39
36	56
36	62
36	71
36	80
36	82
36	83
36	89
36	95
37	69
37	81
37	90
37	91
37	95
38	1
38	3
38	11
38	36
38	40
38	44
38	51
38	91
38	96
38	98
39	45
39	46
39	60
39	79
39	83
39	87
39	98
40	13
40	20
40	53
40	86
40	94
40	95
40	96
41	2
41	14
41	16
41	35
41	40
41	43
41	46
41	54
41	63
41	83
42	4
42	9
42	10
42	15
42	19
42	22
42	23
42	24
42	45
42	50
42	58
42	62
42	63
42	65
42	71
42	72
42	85
43	1
43	5
43	6
43	6
43	14
43	20
43	29
43	37
43	52
43	66
43	68
43	75
43	78
43	96
43	97
44	6
44	14
44	14
44	36
44	75
44	76
44	86
44	92
45	8
45	13
45	48
45	56
45	78
45	93
45	96
46	25
46	39
46	61
47	7
47	9
47	19
47	90
48	4
48	45
48	51
48	57
48	59
48	60
48	61
48	89
48	90
48	97
49	3
49	7
49	8
49	23
49	32
49	35
49	60
49	63
49	72
49	88
49	88
49	94
49	99
50	5
50	7
50	14
50	31
50	70
50	96
50	96
50	97
50	98
51	10
51	18
51	40
51	51
51	66
51	70
51	75
51	82
51	92
52	8
52	9
52	11
52	12
52	15
52	17
52	19
52	24
52	26
52	28
52	32
52	37
52	45
52	46
52	51
52	86
52	93
52	94
53	29
53	31
53	35
53	48
53	58
53	58
53	76
53	76
53	78
53	80
53	88
53	88
53	97
54	4
54	22
54	46
54	65
54	70
54	88
54	89
54	96
55	3
55	16
55	52
55	65
55	86
55	88
55	90
55	98
56	1
56	20
56	28
56	34
56	37
56	39
56	56
56	59
56	64
56	66
56	69
56	100
57	7
57	23
57	28
57	37
57	59
57	60
57	93
58	26
58	32
58	35
58	42
58	44
58	47
58	64
58	66
58	68
59	14
59	16
59	17
59	37
59	48
59	50
59	52
59	65
59	68
59	74
59	95
60	22
60	65
60	67
60	84
60	85
60	96
60	97
61	28
61	66
61	75
61	77
61	84
61	88
61	96
62	3
62	10
62	17
62	21
62	33
62	35
62	36
62	38
62	44
62	53
62	63
62	100
63	3
63	15
63	38
63	43
63	60
63	67
63	69
64	10
64	30
64	33
64	45
64	49
64	56
64	72
64	77
64	80
65	8
65	52
65	73
65	81
65	85
65	86
65	89
65	99
66	10
66	27
66	40
66	79
66	93
67	9
67	30
67	49
67	52
67	55
67	55
67	68
67	74
67	83
67	91
67	93
68	3
68	4
68	9
68	11
68	11
68	16
68	16
68	23
68	36
68	38
68	62
68	95
69	6
69	17
69	19
69	23
69	27
69	29
69	30
69	41
69	61
69	73
69	80
69	87
70	6
70	9
70	17
70	38
70	65
70	69
70	83
70	85
71	4
71	5
71	12
71	14
71	18
71	21
71	22
71	24
71	25
71	46
71	53
71	64
71	77
71	92
71	94
72	9
72	20
72	29
72	33
72	60
72	67
72	82
72	89
72	94
73	28
73	39
73	40
73	43
73	63
73	69
73	76
73	83
73	83
73	88
73	91
73	91
73	93
73	98
74	16
74	32
74	45
74	69
74	87
74	88
74	99
75	17
75	34
75	43
75	48
75	62
75	92
76	4
76	18
76	25
76	39
76	48
76	50
76	55
76	60
76	61
76	63
76	66
76	66
76	70
76	71
76	73
76	75
76	89
76	95
77	16
77	24
77	62
77	68
77	72
77	87
77	91
77	99
78	18
78	21
78	29
78	38
78	38
78	47
78	49
78	66
78	82
78	85
79	4
79	74
79	79
79	92
79	93
79	96
79	97
79	100
80	19
80	28
80	33
80	59
80	65
80	73
80	76
80	100
81	2
81	4
81	13
81	30
81	31
81	33
81	45
81	45
81	48
81	79
81	82
81	97
82	22
82	62
82	63
82	63
82	79
82	80
82	86
83	4
83	18
83	31
83	38
83	46
83	50
83	59
83	72
83	73
83	81
83	84
84	2
84	3
84	6
84	26
84	34
84	41
84	57
84	70
84	83
84	83
84	90
84	92
84	94
85	5
85	17
85	27
85	27
85	28
85	60
85	66
85	68
85	80
85	87
85	92
86	4
86	11
86	18
86	29
86	62
86	66
86	71
87	62
87	62
87	65
87	68
87	98
88	22
88	47
88	81
88	94
89	31
89	33
89	35
89	58
89	68
89	81
89	81
89	85
89	99
90	2
90	12
90	23
90	32
90	65
91	14
91	16
91	18
91	23
91	46
91	52
91	53
91	64
91	68
92	10
92	12
92	14
92	19
92	33
92	62
92	67
92	100
92	100
93	41
93	55
93	72
93	78
93	88
93	88
94	1
94	6
94	10
94	29
94	45
94	59
94	71
94	72
94	72
94	78
95	9
95	25
95	25
95	39
95	43
95	56
95	59
95	62
95	69
95	76
95	78
95	94
96	6
96	16
96	25
96	50
96	54
96	56
96	67
96	84
96	93
96	95
96	96
96	99
97	4
97	9
97	14
97	47
97	49
97	60
97	81
97	86
98	1
98	6
98	20
98	23
98	30
98	31
98	34
98	35
98	62
98	64
98	79
98	87
98	92
99	30
99	68
99	88
99	90
100	3
100	29
100	45
100	47
100	79
100	85
100	88
100	100
101	2
101	16
101	17
101	31
101	49
101	63
101	65
101	67
101	80
101	87
101	90
102	10
102	10
102	26
102	34
102	35
103	4
103	42
103	45
103	53
103	54
103	58
103	63
103	64
103	66
103	71
103	89
104	4
104	20
104	50
104	57
104	77
105	2
105	7
105	15
105	23
105	28
105	30
105	37
105	42
105	45
105	61
105	63
105	77
105	96
105	98
105	100
106	17
106	25
106	31
106	40
106	53
106	61
106	65
106	75
106	83
106	100
107	2
107	7
107	10
107	24
107	24
107	31
107	59
107	84
107	92
108	25
108	26
108	28
108	31
108	51
108	60
108	64
108	66
108	66
108	78
108	82
109	15
109	34
109	40
109	47
109	89
109	89
109	97
110	23
110	24
110	37
110	54
110	54
110	87
110	91
110	92
111	20
111	27
111	27
111	66
111	80
111	87
111	95
111	97
112	7
112	11
112	26
112	38
112	46
112	51
112	56
112	76
112	88
113	16
113	18
113	21
113	26
113	37
113	41
113	60
113	83
114	7
114	39
114	48
114	85
114	89
115	27
115	33
115	48
115	49
115	53
115	62
115	69
115	91
116	7
116	9
116	19
116	51
116	54
116	55
116	60
116	65
116	66
116	67
116	98
117	1
117	17
117	26
117	35
117	39
117	55
117	57
118	4
118	5
118	16
118	31
118	36
118	44
118	44
118	83
118	85
118	97
119	5
119	10
119	11
119	12
119	21
119	24
119	35
119	52
119	74
120	2
120	9
120	15
120	18
120	43
120	48
120	72
120	86
120	89
121	8
121	14
121	18
121	29
121	43
121	47
121	63
121	73
121	76
121	77
122	2
122	16
122	20
122	31
122	60
122	66
122	67
122	84
122	86
122	87
122	96
123	19
123	48
123	58
123	58
123	66
123	68
123	73
123	80
123	89
123	100
124	9
124	16
124	27
124	28
124	32
124	57
124	61
124	63
124	75
124	89
124	94
125	6
125	6
125	41
125	50
125	55
125	56
125	88
125	98
125	99
126	3
126	12
126	12
126	16
126	20
126	37
126	49
126	60
126	64
126	74
126	79
126	85
126	90
126	97
127	14
127	38
127	39
127	54
127	68
128	3
128	20
128	26
128	38
128	41
128	42
128	49
128	52
128	56
128	65
128	94
129	5
129	13
129	15
129	34
129	68
129	75
129	84
129	86
129	92
129	95
130	9
130	16
130	48
130	60
130	66
130	77
130	85
130	89
130	92
131	6
131	9
131	49
131	57
131	58
131	71
131	72
132	10
132	21
132	26
132	34
132	47
132	50
132	53
132	73
132	75
132	86
133	6
133	6
133	8
133	18
133	29
133	37
133	40
133	44
133	54
133	78
133	84
133	95
133	99
134	2
134	14
134	23
134	36
134	39
134	57
134	71
134	77
134	79
134	81
135	18
135	22
135	27
135	43
135	43
135	52
135	54
135	57
135	63
135	73
135	73
135	81
135	81
135	84
135	88
135	100
136	7
136	37
136	44
136	65
137	15
137	19
137	33
137	35
137	37
137	37
137	42
137	52
137	63
137	81
137	92
138	12
138	30
138	33
138	40
138	91
139	22
139	39
139	49
139	63
139	71
139	79
139	90
139	90
140	7
140	16
140	21
140	46
140	66
140	79
141	1
141	28
141	34
141	38
141	61
141	64
141	64
141	66
142	5
142	20
142	26
142	33
142	51
142	55
142	98
142	98
143	1
143	19
143	19
143	31
143	43
143	53
143	59
143	73
143	76
143	77
143	99
144	12
144	13
144	20
144	25
144	36
144	37
144	38
144	39
144	50
144	50
144	65
144	68
144	97
145	1
145	11
145	12
145	27
145	28
145	34
145	36
145	42
145	51
145	52
145	71
145	76
145	79
145	87
146	5
146	6
146	9
146	10
146	13
146	30
146	36
146	38
146	40
146	55
146	76
146	81
147	9
147	25
147	30
147	34
147	37
147	40
147	40
147	51
147	64
147	65
147	70
147	71
147	82
148	16
148	30
148	38
148	40
148	47
148	49
148	53
148	64
149	4
149	4
149	14
149	16
149	33
149	33
149	35
149	36
149	48
149	61
149	63
149	68
149	68
149	77
149	79
149	87
149	91
150	15
150	45
150	58
150	74
150	94
151	4
151	6
151	12
151	20
151	30
151	60
151	61
151	69
151	72
151	79
151	88
151	91
152	18
152	23
152	25
152	58
152	76
152	82
152	85
152	91
153	1
153	3
153	11
153	14
153	29
153	56
153	58
153	66
153	99
153	100
154	18
154	20
154	25
154	27
154	34
154	46
154	60
154	61
154	64
154	76
155	5
155	18
155	35
155	42
155	64
155	98
156	6
156	24
156	32
156	69
156	80
156	90
157	22
157	27
157	30
157	36
157	43
157	45
157	47
157	54
157	81
157	85
157	92
157	97
157	99
158	3
158	18
158	23
158	27
158	36
158	61
158	81
158	97
159	1
159	1
159	4
159	4
159	9
159	32
159	33
159	38
159	50
159	61
159	66
159	74
159	75
159	82
159	91
160	6
160	9
160	40
160	45
160	64
160	65
160	70
160	100
161	1
161	9
161	40
161	61
161	70
161	73
161	73
161	86
161	88
161	88
162	14
162	20
162	30
162	35
162	37
162	42
162	44
162	48
162	57
162	69
162	70
162	92
163	2
163	35
163	42
163	64
163	72
163	79
163	82
163	83
163	84
163	87
164	5
164	20
164	40
164	49
164	55
164	61
164	66
164	80
165	1
165	26
165	29
165	34
165	40
165	41
165	42
165	42
165	47
165	49
165	71
165	89
165	93
165	93
165	96
166	8
166	24
166	24
166	28
166	29
166	30
166	35
166	36
166	69
166	83
166	84
166	94
167	7
167	18
167	28
167	33
167	39
167	42
167	42
167	52
167	65
167	92
168	3
168	16
168	28
168	40
168	41
168	48
168	49
168	50
168	58
168	74
169	2
169	15
169	20
169	22
169	31
169	40
169	63
169	81
170	5
170	27
170	50
170	54
170	78
170	82
170	88
171	9
171	20
171	41
171	47
171	71
171	87
171	95
171	99
172	1
172	4
172	7
172	27
172	57
172	63
172	64
172	70
172	74
172	83
173	8
173	12
173	27
173	37
173	43
173	53
173	64
173	70
173	80
174	14
174	15
174	19
174	22
174	25
174	32
174	51
174	53
174	54
174	69
174	71
174	78
175	19
175	21
175	22
175	30
175	38
175	55
175	68
175	71
175	73
175	100
176	14
176	18
176	31
176	31
176	38
176	46
176	72
176	79
176	84
176	87
177	9
177	23
177	58
177	70
177	79
177	81
177	82
177	89
177	92
177	97
177	98
178	3
178	5
178	20
178	23
178	25
178	60
178	65
178	69
178	84
178	84
178	84
178	84
178	97
179	13
179	32
179	37
179	48
179	59
179	74
179	98
180	5
180	24
180	34
180	44
180	48
180	57
180	64
180	81
180	85
180	87
180	88
180	91
180	100
181	3
181	5
181	13
181	21
181	24
181	33
181	60
181	60
181	99
182	14
182	21
182	38
182	41
182	48
182	53
182	76
182	85
183	11
183	11
183	13
183	25
183	31
183	37
183	40
183	48
183	57
183	84
183	93
183	100
184	24
184	38
184	49
184	57
184	58
184	73
184	94
185	7
185	21
185	26
185	27
185	29
185	42
185	55
185	55
185	61
185	69
185	77
185	88
186	7
186	12
186	14
186	26
186	57
186	58
186	63
186	75
186	80
186	83
187	1
187	4
187	22
187	37
187	40
187	46
187	47
187	47
187	69
187	76
187	96
188	6
188	8
188	9
188	20
188	22
188	38
188	53
188	63
188	63
188	72
188	74
188	86
188	99
189	9
189	10
189	33
189	60
189	61
189	82
189	86
189	88
190	1
190	18
190	38
190	46
190	55
190	66
190	69
190	80
190	81
190	98
191	1
191	21
191	25
191	26
191	35
191	43
191	51
191	61
191	75
191	85
191	89
191	93
192	20
192	25
192	26
192	27
192	38
192	47
192	54
192	54
192	56
192	64
193	3
193	16
193	22
193	23
193	36
193	43
193	55
193	55
193	56
193	57
193	60
193	60
193	93
194	3
194	5
194	30
194	34
194	58
194	62
194	94
194	95
194	96
195	20
195	21
195	26
195	29
195	40
195	45
195	70
195	86
195	92
195	99
196	2
196	12
196	18
196	27
196	34
196	35
196	42
196	69
196	97
196	99
197	16
197	19
197	24
197	36
197	46
197	58
197	78
197	85
197	87
197	88
197	96
197	98
197	98
197	98
198	2
198	3
198	6
198	10
198	33
198	39
198	61
198	61
198	78
198	80
198	86
198	94
198	96
199	1
199	2
199	13
199	23
199	53
199	55
199	59
199	76
199	84
199	85
199	91
199	92
200	3
200	3
200	12
200	26
200	29
200	34
200	52
200	62
200	85
200	97
201	15
201	28
201	34
201	35
201	46
201	59
201	62
201	71
201	74
201	98
202	3
202	12
202	21
202	41
202	59
202	68
202	70
202	72
202	91
202	92
202	92
203	10
203	19
203	21
203	29
203	29
203	46
203	49
203	53
203	60
203	65
203	71
203	79
203	96
204	19
204	22
204	38
204	66
204	76
205	13
205	20
205	23
205	33
205	61
205	66
205	89
205	92
206	3
206	4
206	14
206	14
206	25
206	37
206	41
206	51
206	52
206	55
206	65
206	71
206	72
206	75
206	85
207	3
207	11
207	18
207	23
207	33
207	36
207	56
207	62
207	91
207	92
208	2
208	24
208	31
208	37
208	44
208	56
208	61
208	79
208	88
208	94
208	97
208	99
209	2
209	3
209	17
209	32
209	36
209	37
209	45
209	47
209	52
209	54
209	63
209	65
209	76
209	76
209	89
210	2
210	4
210	16
210	43
210	61
210	66
210	70
210	76
210	85
210	85
210	90
211	3
211	6
211	17
211	18
211	21
211	51
211	52
211	54
211	59
211	62
211	74
211	74
212	1
212	10
212	22
212	31
212	40
212	58
212	74
212	93
212	97
213	1
213	6
213	12
213	12
213	12
213	13
213	31
213	36
213	61
213	70
213	77
213	81
214	19
214	68
214	70
214	83
215	21
215	59
215	62
215	67
215	77
216	2
216	38
216	42
216	47
216	51
216	68
216	80
216	87
216	98
217	31
217	32
217	37
217	56
217	58
217	71
218	12
218	12
218	14
218	42
218	49
218	51
218	53
218	55
218	66
218	71
219	1
219	3
219	9
219	26
219	49
219	53
219	61
219	77
219	97
220	6
220	25
220	27
220	35
220	42
220	53
220	59
220	64
220	79
220	91
220	100
221	7
221	12
221	23
221	28
221	32
221	53
221	57
221	73
221	82
221	83
221	95
222	6
222	16
222	16
222	20
222	26
222	27
222	28
222	29
222	44
222	46
222	49
222	52
222	61
222	80
222	81
223	4
223	4
223	17
223	29
223	45
223	62
223	69
223	71
223	72
223	93
223	97
224	5
224	18
224	31
224	52
224	57
224	82
224	84
224	84
224	87
224	88
225	10
225	25
225	32
225	46
225	47
225	51
225	99
226	6
226	20
226	29
226	45
226	48
226	69
226	88
227	11
227	12
227	15
227	15
227	34
227	48
227	58
227	59
227	70
227	76
227	76
227	85
228	15
228	22
228	47
228	49
228	54
228	61
228	62
228	69
228	75
228	82
228	87
229	7
229	11
229	23
229	31
229	44
229	56
229	60
229	80
229	83
229	97
230	3
230	13
230	21
230	30
230	35
230	36
230	54
230	56
230	62
230	65
230	76
230	84
230	85
230	91
230	96
231	21
231	26
231	52
231	77
231	79
231	100
232	5
232	5
232	10
232	11
232	34
232	34
232	35
232	39
232	50
232	70
232	81
232	81
232	90
232	92
233	5
233	26
233	35
233	37
233	40
233	45
233	51
233	90
233	98
234	1
234	5
234	9
234	67
234	90
234	90
234	96
234	99
234	99
235	7
235	26
235	30
235	36
235	46
235	74
235	74
235	90
235	91
235	95
236	5
236	9
236	11
236	32
236	43
236	48
236	48
236	67
236	90
236	93
237	2
237	14
237	38
237	47
237	47
237	55
237	64
237	78
237	79
237	81
238	3
238	18
238	20
238	30
238	37
238	45
238	62
238	69
238	70
238	82
238	90
238	92
238	92
238	93
238	94
239	15
239	21
239	21
239	25
239	25
239	26
239	43
239	55
239	62
239	66
239	68
239	70
239	74
239	83
239	95
239	100
240	2
240	5
240	15
240	24
240	29
240	32
240	39
240	39
240	48
240	52
240	55
240	77
240	100
241	8
241	11
241	45
241	53
241	57
241	73
241	80
241	84
241	85
241	87
241	88
242	3
242	34
242	47
242	48
242	54
242	64
242	68
242	72
242	78
242	82
242	86
242	92
243	5
243	9
243	23
243	29
243	42
243	59
243	69
244	5
244	8
244	41
244	61
244	63
244	66
245	12
245	16
245	32
245	51
245	55
245	59
245	61
245	65
245	66
245	78
245	83
246	39
246	40
246	60
246	70
246	85
246	88
247	6
247	23
247	28
247	30
247	33
247	49
247	61
247	70
247	88
247	95
247	99
248	2
248	11
248	60
248	63
248	64
248	65
249	8
249	9
249	9
249	20
249	23
249	33
249	44
249	50
249	62
249	97
250	62
250	70
250	93
250	99
251	5
251	12
251	17
251	26
251	31
251	59
251	76
251	81
252	6
252	10
252	16
252	16
252	24
252	27
252	37
252	41
252	49
252	55
252	57
252	58
252	60
252	67
252	69
252	75
252	82
252	83
252	84
252	86
253	3
253	5
253	6
253	7
253	8
253	9
253	19
253	26
253	29
253	31
253	32
253	75
253	79
253	88
254	1
254	5
254	12
254	26
254	27
254	27
254	29
254	50
254	60
254	60
254	62
254	66
254	68
254	69
254	71
254	96
255	4
255	5
255	6
255	32
255	36
255	37
255	41
255	44
255	57
255	79
255	92
255	98
256	8
256	32
256	45
256	47
256	51
256	59
256	74
256	79
257	11
257	22
257	24
257	36
257	43
257	46
257	48
257	58
257	60
257	62
257	79
257	79
257	81
257	85
257	91
258	14
258	18
258	21
258	41
258	51
258	51
258	62
258	91
258	96
259	14
259	18
259	59
259	76
259	80
259	83
259	93
259	97
260	8
260	9
260	14
260	16
260	24
260	35
260	37
260	40
260	40
260	40
260	65
260	95
260	96
260	97
261	3
261	5
261	7
261	14
261	17
261	34
261	46
261	48
261	57
261	62
261	79
261	84
261	90
261	96
262	17
262	20
262	44
262	53
262	60
262	81
262	98
263	11
263	13
263	17
263	37
263	40
263	53
263	61
263	80
263	85
263	87
263	100
264	5
264	14
264	17
264	39
264	72
264	76
264	78
264	95
264	95
264	97
265	4
265	5
265	5
265	20
265	24
265	26
265	28
265	29
265	46
265	51
265	69
265	73
265	84
265	86
265	92
266	8
266	14
266	20
266	22
266	25
266	35
266	36
266	39
266	48
266	53
266	62
266	63
266	66
266	69
266	71
266	75
266	77
266	80
267	4
267	9
267	14
267	15
267	31
267	42
267	60
267	74
267	76
267	94
268	12
268	21
268	44
268	52
268	67
268	70
268	72
268	73
268	88
268	92
268	92
268	94
268	100
269	11
269	18
269	21
269	42
269	73
269	81
269	88
270	12
270	14
270	17
270	35
270	38
270	45
270	48
270	58
270	72
270	78
270	93
270	100
271	20
271	31
271	39
271	49
271	61
271	74
271	77
271	96
271	97
271	100
272	2
272	34
272	48
272	76
272	86
273	5
273	9
273	14
273	34
273	39
273	40
273	47
273	54
273	55
273	56
273	61
273	69
273	72
273	85
273	91
274	1
274	7
274	23
274	28
274	29
274	31
274	35
274	44
274	55
274	57
274	76
274	85
274	89
274	93
275	46
275	52
275	63
275	69
275	72
275	75
276	11
276	17
276	18
276	21
276	34
276	35
276	37
276	51
276	59
276	59
276	88
276	98
277	1
277	9
277	18
277	30
277	55
277	79
277	82
278	29
278	32
278	40
278	52
278	65
278	69
278	76
278	78
278	89
278	96
279	18
279	26
279	40
279	61
279	65
279	79
279	84
279	94
280	16
280	40
280	53
280	69
280	80
280	82
280	92
280	96
280	100
281	18
281	37
281	48
281	54
281	54
281	57
281	62
281	66
281	72
281	82
281	97
282	7
282	9
282	12
282	18
282	24
282	46
282	51
282	56
282	58
282	88
283	26
283	33
283	34
283	37
283	70
283	75
284	15
284	22
284	24
284	38
284	41
284	53
284	59
284	61
284	64
284	67
284	77
284	78
285	9
285	14
285	31
285	32
285	34
285	62
285	65
285	78
285	88
286	1
286	3
286	15
286	25
286	38
286	48
286	52
286	56
286	58
286	60
286	79
286	91
287	10
287	10
287	13
287	17
287	30
287	37
287	41
287	52
287	54
287	66
287	67
287	68
287	80
287	86
287	86
288	17
288	34
288	45
288	50
288	63
288	69
288	74
288	80
288	86
289	30
289	51
289	74
289	74
289	75
289	98
290	1
290	5
290	9
290	11
290	32
290	39
290	71
290	72
290	85
290	85
290	88
291	7
291	12
291	13
291	27
291	51
291	66
291	73
291	77
291	84
291	84
291	92
291	98
292	48
292	59
292	78
292	85
292	85
292	86
292	92
293	6
293	36
293	38
293	74
293	80
294	6
294	12
294	27
294	69
294	80
294	97
294	98
295	11
295	27
295	29
295	31
295	43
295	46
295	47
295	51
295	51
295	51
295	58
295	61
295	78
295	81
295	82
295	95
296	11
296	20
296	24
296	24
296	26
296	39
296	50
296	51
296	74
296	91
296	97
297	9
297	9
297	12
297	12
297	21
297	23
297	29
297	46
297	47
297	73
298	6
298	9
298	28
298	47
298	49
298	55
298	56
298	67
298	67
298	80
298	83
298	84
299	1
299	29
299	46
299	47
299	47
299	62
299	89
299	90
300	1
300	14
300	58
300	68
300	73
300	74
300	76
300	87
300	99
300	100
301	18
301	20
301	73
301	92
301	92
301	97
302	2
302	8
302	10
302	17
302	35
302	47
302	71
303	2
303	10
303	32
303	32
303	37
303	39
303	63
303	90
303	91
304	16
304	20
304	21
304	26
304	39
304	39
304	46
304	63
304	66
304	72
304	85
304	90
304	98
305	25
305	79
305	91
306	22
306	49
306	50
306	59
306	68
306	72
306	85
307	9
307	10
307	18
307	25
307	61
307	65
307	70
307	70
307	72
307	73
307	77
307	78
307	83
307	85
307	87
307	96
308	11
308	13
308	30
308	47
308	50
308	58
308	81
308	84
308	86
308	96
309	15
309	17
309	19
309	25
309	35
309	39
309	39
309	44
309	47
309	72
309	94
309	100
309	100
310	30
310	35
310	35
310	38
310	63
310	63
310	70
310	73
310	79
310	88
310	88
311	19
311	21
311	34
311	54
311	65
311	86
311	86
311	93
312	9
312	13
312	15
312	25
312	35
312	51
312	59
312	67
312	85
312	99
313	5
313	38
313	41
313	43
313	45
313	56
313	58
313	68
313	73
313	74
314	14
314	19
314	39
314	48
314	68
315	1
315	8
315	24
315	25
315	42
315	43
315	66
315	76
315	93
315	96
316	19
316	24
316	40
316	43
316	57
316	76
316	77
316	79
316	81
316	82
316	82
316	88
316	100
317	6
317	9
317	13
317	13
317	35
317	45
317	50
317	67
317	71
317	75
317	88
317	97
318	1
318	3
318	8
318	15
318	23
318	26
318	37
318	40
318	69
318	82
318	83
318	98
318	100
318	100
319	16
319	18
319	74
319	78
319	80
319	82
319	97
320	15
320	17
320	24
320	58
320	59
320	61
321	4
321	10
321	21
321	40
321	47
321	72
321	78
321	83
321	87
322	2
322	11
322	24
322	24
322	29
322	34
322	45
322	54
322	58
322	60
322	65
322	66
322	71
322	79
322	81
323	4
323	20
323	29
323	35
323	39
323	50
323	85
323	95
324	8
324	27
324	33
324	52
324	87
325	17
325	18
325	23
325	34
325	36
325	46
325	75
325	88
325	91
325	100
326	5
326	18
326	19
326	28
326	32
326	38
326	62
326	67
326	75
326	76
326	83
326	86
326	88
327	14
327	24
327	37
327	42
327	57
327	81
327	90
327	96
327	98
327	100
328	4
328	31
328	48
328	49
328	51
328	53
328	60
328	76
328	85
328	91
328	95
329	20
329	25
329	27
329	32
329	34
329	39
329	71
329	77
329	78
329	80
329	86
329	95
329	96
330	11
330	18
330	22
330	27
330	29
330	33
330	44
330	80
331	5
331	18
331	27
331	37
331	38
331	50
331	59
331	65
331	66
331	81
331	81
331	82
331	91
331	94
331	97
332	4
332	9
332	21
332	29
332	33
332	44
332	69
332	77
332	80
332	82
333	3
333	10
333	28
333	58
333	62
333	73
334	5
334	18
334	28
334	43
334	74
334	74
334	75
334	85
334	94
335	40
335	61
335	62
335	76
336	4
336	14
336	24
336	25
336	44
336	46
336	55
336	55
336	73
336	86
337	1
337	12
337	23
337	37
337	41
337	42
337	51
337	53
337	55
337	69
337	71
337	87
338	12
338	24
338	28
338	73
338	75
338	94
338	94
338	96
338	98
339	3
339	5
339	6
339	7
339	10
339	18
339	28
339	39
339	52
339	54
339	69
339	71
339	72
339	74
339	90
339	99
340	16
340	37
340	51
340	53
340	57
340	58
340	66
340	74
340	78
340	81
341	2
341	8
341	19
341	31
341	35
341	38
341	60
341	73
341	80
341	84
341	85
341	87
342	12
342	13
342	40
342	45
342	47
342	54
342	55
342	68
342	72
342	91
342	92
343	6
343	15
343	20
343	24
343	28
343	34
343	42
343	52
343	80
344	16
344	17
344	27
344	32
344	32
344	54
344	55
344	60
344	62
344	65
344	79
344	92
344	100
345	4
345	22
345	57
345	59
345	60
345	97
346	4
346	7
346	11
346	18
346	44
346	65
346	68
346	81
346	86
347	10
347	18
347	30
347	33
347	51
347	56
347	60
347	64
347	66
347	71
347	71
347	73
347	79
347	80
347	88
348	4
348	7
348	12
348	13
348	18
348	19
348	21
348	27
348	28
348	48
348	54
348	54
348	61
348	64
348	85
348	94
349	1
349	4
349	8
349	13
349	28
349	29
349	31
349	44
349	53
349	68
349	78
349	98
350	21
350	30
350	30
350	40
350	58
350	59
350	60
350	77
350	84
350	97
351	5
351	10
351	14
351	30
351	38
351	44
351	57
351	75
351	83
351	85
351	90
351	99
352	61
352	72
353	12
353	20
353	21
353	22
353	22
353	41
353	48
353	52
353	53
353	53
353	63
353	99
354	1
354	36
354	71
354	76
354	84
354	87
354	100
355	18
355	19
355	22
355	25
355	40
355	43
355	57
355	74
355	80
355	96
356	19
356	21
356	29
356	41
356	53
356	56
356	65
356	75
356	92
356	99
357	6
357	13
357	40
357	60
357	64
357	67
357	70
357	90
358	4
358	20
358	41
358	48
358	51
358	59
358	64
358	70
358	72
358	89
359	5
359	21
359	25
359	41
359	43
359	70
359	75
359	93
359	100
360	9
360	15
360	21
360	25
360	29
360	37
360	62
360	65
360	80
360	82
360	87
360	92
361	8
361	21
361	24
361	41
361	75
361	79
361	85
361	100
362	13
362	15
362	60
362	69
362	70
362	76
362	78
362	83
362	86
362	99
363	11
363	43
363	43
363	51
363	57
363	60
363	87
363	97
364	5
364	6
364	58
364	63
364	73
364	94
365	3
365	17
365	25
365	36
365	51
365	67
365	71
365	86
366	13
366	20
366	21
366	24
366	30
366	35
366	54
366	56
366	64
366	65
366	83
366	100
367	9
367	9
367	14
367	16
367	16
367	31
367	40
367	40
367	41
367	59
367	79
367	82
367	99
367	99
368	7
368	11
368	15
368	18
368	25
368	37
368	64
368	70
368	78
368	86
368	86
368	96
369	21
369	26
369	28
369	29
369	45
369	52
369	54
369	61
369	63
369	69
369	71
369	76
369	76
369	78
369	83
370	15
370	31
370	43
370	51
370	69
370	74
370	74
370	77
370	89
370	91
370	94
370	95
370	97
370	100
371	5
371	27
371	38
372	13
372	18
372	19
372	24
372	27
372	32
372	53
372	67
372	88
372	93
372	96
372	97
373	3
373	19
373	22
373	27
373	32
373	36
373	42
373	42
373	47
373	51
373	55
373	59
373	59
373	89
373	92
374	7
374	9
374	15
374	22
374	25
374	39
374	40
374	40
374	43
374	55
374	72
374	87
374	87
374	90
374	94
374	98
375	4
375	5
375	9
375	21
375	25
375	29
375	46
375	49
375	49
375	52
375	66
375	77
375	80
375	96
376	40
376	42
376	46
376	49
376	51
376	53
376	73
376	74
376	90
377	1
377	2
377	27
377	40
377	43
377	45
377	59
377	67
377	78
377	86
377	87
377	100
378	5
378	18
378	25
378	36
378	39
378	41
378	50
378	54
378	81
378	96
379	28
380	13
380	14
380	15
380	18
380	27
380	43
380	44
380	56
380	56
380	91
380	95
380	98
381	4
381	35
381	39
381	39
381	40
381	42
381	79
381	86
381	91
382	1
382	23
382	25
382	52
382	64
382	64
382	77
382	98
382	98
383	18
383	34
383	34
383	40
383	45
383	51
383	59
383	73
383	78
383	90
383	91
383	100
384	5
384	20
384	21
384	26
384	34
384	55
384	63
384	80
384	81
384	100
385	25
385	25
385	30
385	45
385	47
385	53
385	57
385	72
385	78
385	83
385	92
385	94
386	9
386	16
386	21
386	29
386	37
386	40
386	63
386	64
386	65
386	75
386	84
386	95
387	1
387	8
387	10
387	17
387	28
387	32
387	33
387	39
387	58
387	60
387	67
387	75
387	83
387	84
387	96
387	100
388	15
388	22
388	22
388	22
388	31
388	39
388	40
388	53
388	64
388	77
388	84
389	5
389	27
389	28
389	32
389	34
389	55
389	55
389	60
389	78
390	20
390	31
390	44
390	51
390	57
390	59
390	65
390	96
391	17
391	21
391	37
391	56
391	56
391	78
391	100
392	2
392	2
392	4
392	18
392	30
392	34
392	40
392	45
392	81
393	7
393	9
393	16
393	37
393	38
393	45
393	93
393	94
393	96
394	16
394	22
394	22
394	45
394	48
394	59
394	64
394	65
394	68
394	77
394	100
395	4
395	14
395	34
395	38
395	40
395	41
395	42
395	56
395	57
395	71
395	77
395	83
395	84
395	92
395	96
396	6
396	7
396	9
396	13
396	16
396	22
396	30
396	33
396	41
396	44
396	66
396	70
396	78
396	86
396	95
396	95
396	99
397	19
397	40
397	49
397	58
397	60
397	62
397	67
397	89
397	91
398	17
398	21
398	37
398	39
398	47
398	71
398	99
399	4
399	5
399	25
399	25
399	42
399	59
399	74
399	78
399	83
399	86
400	2
400	16
400	22
400	28
400	35
400	37
400	40
400	48
400	48
400	56
400	56
400	68
400	71
400	74
400	79
400	81
401	5
401	8
401	30
401	37
401	52
401	58
401	63
401	82
401	86
401	96
402	4
402	7
402	13
402	35
402	82
402	84
403	10
403	26
403	26
403	36
403	38
403	52
403	53
403	56
403	61
403	63
403	72
404	15
404	21
404	26
404	51
404	61
404	63
404	65
404	67
404	70
404	81
404	83
404	95
404	98
405	6
405	16
405	23
405	25
405	34
405	39
405	62
405	64
405	73
405	82
405	85
405	87
405	91
406	12
406	18
406	21
406	46
406	52
406	76
406	77
407	3
407	11
407	13
407	19
407	34
407	42
407	47
408	10
408	15
408	34
408	50
408	50
408	51
408	66
408	74
408	82
408	84
408	91
408	97
408	99
409	1
409	33
409	35
409	42
409	48
409	49
409	55
409	58
409	64
409	64
409	70
409	70
409	75
409	78
409	82
409	82
409	92
409	97
409	99
410	10
410	27
410	28
410	29
410	35
410	42
410	42
410	44
410	45
410	51
410	88
410	92
410	94
411	19
411	40
411	47
411	56
411	74
411	96
411	99
411	99
412	7
412	8
412	13
412	13
412	26
412	39
412	42
412	46
412	48
412	55
412	64
412	78
412	79
412	83
413	5
413	6
413	13
413	18
413	23
413	30
413	32
413	33
413	39
413	49
413	59
413	62
413	66
413	77
413	86
414	1
414	8
414	9
414	17
414	43
414	53
414	59
414	59
414	61
414	70
414	85
414	91
414	95
414	98
415	2
415	20
415	32
415	39
415	56
415	67
415	80
415	84
415	84
415	87
415	98
416	2
416	5
416	26
416	41
416	51
416	59
416	68
416	73
416	80
416	83
416	87
416	95
416	98
417	7
417	7
417	8
417	14
417	54
417	60
417	61
417	71
417	74
417	83
417	83
418	2
418	13
418	28
418	32
418	35
418	36
418	39
418	52
418	92
418	93
418	96
419	11
419	12
419	38
419	43
419	48
419	61
419	62
419	64
419	65
419	81
420	4
420	16
420	69
420	72
420	73
420	86
421	28
421	35
421	49
421	57
421	68
421	74
421	91
422	2
422	36
422	38
422	48
422	55
422	55
422	71
422	75
422	77
422	80
422	81
422	89
422	93
422	94
423	2
423	32
423	55
423	59
423	60
423	62
423	65
424	24
424	26
424	35
424	40
424	41
424	43
424	48
424	62
424	65
424	65
424	69
424	82
424	88
424	89
425	3
425	5
425	10
425	13
425	23
425	35
425	60
425	93
425	95
426	3
426	14
426	17
426	26
426	44
426	44
426	46
426	60
426	73
426	97
427	9
427	34
427	50
427	62
427	68
427	83
427	83
427	84
428	3
428	14
428	14
428	15
428	21
428	22
428	29
428	39
428	53
428	59
428	86
428	86
429	1
429	7
429	8
429	23
429	25
429	31
429	35
429	52
429	62
429	81
430	28
430	100
431	27
431	27
431	37
431	45
431	55
431	79
431	84
431	92
432	10
432	12
432	12
432	20
432	31
432	34
432	37
432	48
432	51
432	63
432	70
432	97
433	4
433	31
433	34
433	39
433	45
433	59
433	74
434	7
434	18
434	45
434	47
434	51
434	54
434	61
434	69
434	71
434	74
435	11
435	33
435	45
435	67
435	68
435	87
435	87
435	97
435	99
436	28
436	59
436	67
436	68
436	83
436	84
437	28
437	34
437	39
437	53
437	73
437	82
437	95
437	95
438	6
438	7
438	19
438	28
438	37
438	50
438	66
438	75
438	76
438	98
439	3
439	18
439	20
439	36
439	40
439	46
439	58
439	68
439	77
439	77
439	82
439	85
439	87
439	90
439	91
439	96
440	8
440	22
440	23
440	27
440	28
440	33
440	60
440	64
440	73
440	78
440	79
440	79
440	91
441	30
441	32
441	47
441	51
441	63
441	68
441	69
441	90
442	4
442	21
442	24
442	28
442	31
442	66
442	67
442	77
442	84
442	100
443	1
443	7
443	15
443	50
443	61
443	65
443	73
443	83
443	85
444	35
444	42
444	87
445	12
445	29
445	32
445	32
445	32
445	70
445	75
445	79
445	80
445	87
445	97
446	12
446	20
446	20
446	25
446	25
446	44
446	69
446	88
446	94
446	97
447	13
447	35
447	41
447	50
447	58
447	63
447	65
447	77
447	84
447	92
448	2
448	6
448	26
448	28
448	30
448	31
448	44
448	46
448	54
448	55
448	56
448	68
448	73
448	83
448	97
449	5
449	20
449	25
449	28
449	30
449	33
449	44
449	48
449	52
449	73
449	86
449	88
450	5
450	20
450	25
450	31
450	42
450	51
450	51
450	52
450	67
450	81
450	89
451	1
451	4
451	12
451	24
451	26
451	37
451	43
451	48
451	55
451	86
451	91
452	19
452	20
452	21
452	21
452	29
452	32
452	48
452	57
452	66
452	85
452	90
453	20
453	23
453	30
453	33
453	56
453	67
454	10
454	13
454	19
454	30
454	32
454	43
454	43
454	46
454	53
454	59
454	64
454	65
454	66
454	95
455	6
455	10
455	16
455	25
455	33
455	34
455	42
455	47
455	70
455	76
455	77
455	80
456	2
456	3
456	19
456	24
456	33
456	33
456	34
456	41
456	41
456	79
456	80
456	83
456	86
456	94
456	96
457	9
457	13
457	20
457	21
457	36
457	46
457	57
457	57
457	58
457	66
457	79
457	80
457	82
457	86
458	7
458	13
458	17
458	29
458	33
458	53
458	53
458	80
458	96
459	38
459	42
459	74
459	86
460	3
460	16
460	19
460	46
460	65
460	74
460	78
460	81
460	96
460	98
461	16
461	19
461	21
461	27
461	30
461	50
461	62
461	64
461	65
461	78
461	91
462	10
462	41
462	41
462	51
462	57
462	66
462	67
462	82
462	95
463	10
463	34
463	35
463	40
463	53
463	59
463	96
464	6
464	9
464	18
464	21
464	21
464	22
464	32
464	40
464	43
464	55
464	69
465	17
465	20
465	22
465	22
465	46
465	59
465	83
465	100
466	10
466	44
466	60
466	65
466	69
466	81
466	82
467	13
467	41
467	48
467	49
467	69
467	75
467	76
467	76
467	96
467	99
468	3
468	15
468	44
468	47
468	50
468	57
468	68
468	85
469	10
469	14
469	15
469	32
469	39
469	60
469	61
469	64
469	71
469	74
469	81
470	10
470	20
470	24
470	26
470	26
470	27
470	36
470	39
470	47
470	57
470	78
470	79
470	100
471	8
471	25
471	46
471	52
471	68
471	73
471	88
472	4
472	41
472	47
472	47
472	86
472	86
472	88
472	89
472	90
472	94
473	9
473	13
473	19
473	20
473	28
473	34
473	43
473	46
473	51
473	57
473	59
473	62
473	64
473	64
473	69
473	69
473	75
473	79
474	10
474	44
474	56
474	59
474	68
474	73
474	74
474	79
474	87
474	89
474	90
474	91
474	92
474	96
475	3
475	17
475	23
475	37
475	38
475	72
475	80
475	82
475	96
475	100
475	100
476	20
476	21
476	26
476	39
476	71
476	74
476	77
476	82
476	88
476	97
477	44
477	47
477	50
477	64
477	73
477	76
477	98
477	99
478	7
478	7
478	13
478	17
478	17
478	37
478	39
478	41
478	45
478	64
478	98
479	32
479	37
479	51
479	68
479	87
479	97
480	27
480	41
480	63
480	90
480	90
480	95
481	5
481	8
481	13
481	42
481	46
481	48
481	54
481	61
481	71
481	73
481	77
481	86
481	97
482	2
482	6
482	7
482	10
482	21
482	46
482	77
483	2
483	15
483	34
483	40
483	41
483	69
483	73
483	84
483	84
484	3
484	28
484	35
484	56
484	64
484	65
484	83
484	84
484	84
484	98
484	99
485	3
485	17
485	21
485	22
485	54
485	68
485	89
485	90
486	7
486	16
486	19
486	32
486	49
486	60
486	61
486	66
486	90
486	97
487	3
487	17
487	31
487	51
487	69
487	80
487	80
487	94
487	99
488	12
488	12
488	22
488	37
488	49
488	55
488	69
488	78
488	80
488	94
489	10
489	42
489	42
489	43
489	58
489	79
489	83
490	33
490	66
490	86
490	89
490	94
490	96
491	4
491	34
491	68
491	70
491	80
491	85
491	89
492	7
492	8
492	20
492	21
492	57
492	63
492	69
492	70
493	12
493	20
493	32
493	46
493	72
493	81
493	86
493	91
494	10
494	12
494	16
494	19
494	29
494	33
494	74
494	85
494	89
494	90
494	92
495	17
495	18
495	19
495	47
495	61
495	66
495	73
495	76
495	76
495	91
495	94
495	95
496	18
496	57
496	62
496	63
496	64
496	68
496	72
496	73
496	76
496	79
496	92
497	8
497	13
497	30
497	35
497	40
497	60
497	60
497	61
497	64
497	74
497	88
497	93
497	95
498	7
498	8
498	38
498	41
498	43
498	49
498	73
499	13
499	15
499	29
499	31
499	43
499	55
499	57
499	65
499	66
499	66
499	70
499	76
499	83
499	99
500	5
500	6
500	15
500	56
500	59
500	69
501	15
501	37
501	40
501	54
501	98
502	45
502	63
502	65
502	81
502	91
502	100
503	8
503	12
503	19
503	54
503	54
503	96
503	98
504	5
504	15
504	36
504	37
504	37
504	57
504	63
504	73
504	95
505	2
505	2
505	23
505	30
505	37
505	53
505	54
505	66
505	66
505	78
505	95
505	98
506	3
506	4
506	29
506	36
506	48
506	50
507	25
507	28
507	32
507	88
507	93
507	93
508	11
508	12
508	12
508	13
508	14
508	16
508	37
508	44
508	60
508	83
508	86
509	8
509	78
509	86
510	11
510	12
510	14
510	16
510	17
510	27
510	29
510	39
510	61
510	74
510	83
510	84
510	96
511	9
511	16
511	40
511	44
511	44
511	53
511	61
511	70
511	81
511	84
511	100
512	36
512	40
512	43
512	47
512	89
513	4
513	5
513	19
513	41
513	56
513	61
513	79
513	95
513	97
513	99
513	100
514	2
514	3
514	8
514	27
514	31
514	40
514	53
514	59
514	76
514	84
514	85
514	89
515	6
515	20
515	33
515	53
515	55
515	64
515	74
515	91
515	93
515	99
516	4
516	13
516	16
516	17
516	18
516	40
516	50
516	61
516	76
516	76
516	77
516	91
516	92
516	94
516	95
517	15
517	16
517	42
517	48
517	59
517	84
517	91
517	95
517	97
517	99
518	3
518	17
518	23
518	28
518	42
518	54
518	58
518	61
518	70
518	70
518	98
518	99
519	4
519	27
519	42
519	43
519	71
519	84
519	86
519	86
519	87
520	18
520	33
520	43
520	50
520	81
520	87
520	95
521	6
521	8
521	13
521	58
521	58
521	69
521	76
521	80
521	81
521	92
522	1
522	6
522	27
522	34
522	57
522	70
522	77
522	90
522	91
522	98
523	20
523	57
523	59
523	62
523	76
523	84
523	88
524	1
524	7
524	12
524	14
524	20
524	58
524	70
524	82
524	98
525	7
525	32
525	35
525	40
525	42
525	48
525	51
525	77
525	95
525	97
526	4
526	11
526	14
526	14
526	32
526	38
526	49
526	51
526	54
526	66
526	81
527	10
527	20
527	30
527	45
527	52
527	75
527	81
528	11
528	13
528	33
528	51
528	56
528	76
528	90
528	92
529	21
529	22
529	23
529	34
529	36
529	38
529	51
529	54
529	72
529	74
529	95
529	98
530	10
530	13
530	38
530	50
530	53
530	56
530	65
530	65
530	69
530	71
530	78
531	8
531	16
531	18
531	30
531	59
531	62
531	62
531	79
531	79
531	89
531	96
532	3
532	9
532	20
532	26
532	33
532	40
532	60
532	71
532	73
532	81
533	37
533	39
533	43
533	60
533	62
533	87
533	96
534	4
534	28
534	38
534	41
534	51
534	79
534	81
534	81
535	13
535	19
535	21
535	23
535	36
535	41
535	49
535	50
535	58
535	64
535	73
535	97
536	14
536	44
536	44
536	47
536	51
536	68
536	75
536	97
536	100
537	5
537	15
537	28
537	31
537	35
537	47
537	55
537	58
537	59
537	82
538	11
538	20
538	21
538	24
538	35
538	37
538	42
538	43
538	66
538	72
538	83
539	8
539	9
539	37
539	39
539	43
539	60
539	70
539	84
540	8
540	27
540	29
540	80
540	97
541	22
541	48
541	66
541	68
541	97
541	98
542	4
542	8
542	20
542	27
542	44
542	50
542	66
542	71
542	74
542	100
543	2
543	4
543	10
543	19
543	21
543	45
543	71
543	76
543	78
543	88
543	95
543	95
544	4
544	5
544	21
544	33
544	47
544	50
544	59
544	62
544	68
544	74
544	80
544	83
544	83
544	90
545	16
545	44
545	52
545	76
545	79
545	87
545	98
546	11
546	44
546	55
546	67
546	71
546	76
547	15
547	33
547	45
547	59
547	66
547	76
547	76
547	80
547	81
547	85
547	88
547	92
547	94
548	13
548	27
548	29
548	43
548	53
548	65
548	69
548	69
548	89
548	94
549	1
549	26
549	32
549	37
549	41
549	90
550	2
550	9
550	24
550	24
550	56
550	56
550	68
550	73
550	79
550	87
550	96
550	97
551	5
551	26
551	32
551	50
551	51
551	58
551	72
551	73
551	78
551	83
551	87
551	88
551	88
552	12
552	16
552	18
552	19
552	23
552	45
552	56
552	62
552	66
552	88
553	8
553	19
553	20
553	24
553	33
553	37
553	47
553	52
553	55
553	55
553	81
553	86
554	14
554	18
554	26
554	33
554	41
554	49
554	69
554	70
554	74
554	79
554	96
555	12
555	21
555	24
555	34
555	47
555	63
555	75
555	90
555	92
556	25
556	35
556	38
556	47
556	64
556	68
556	70
556	78
556	81
556	83
556	92
556	96
557	8
557	22
557	31
557	33
557	40
557	45
557	46
557	49
557	55
557	58
557	64
557	73
557	80
557	87
557	92
557	93
558	5
558	7
558	22
558	37
558	38
558	56
558	66
558	84
559	3
559	5
559	22
559	51
559	53
559	60
559	60
559	66
559	72
559	74
559	79
559	81
559	89
559	91
560	23
560	38
560	42
560	51
560	58
560	61
560	64
560	64
560	94
561	3
561	8
561	48
561	78
561	85
562	16
562	24
562	25
562	29
562	42
562	46
562	67
562	67
562	92
562	94
563	18
563	26
563	31
563	76
563	78
563	82
563	83
563	88
564	17
564	30
564	31
564	63
564	69
564	80
564	88
564	91
564	96
565	19
565	22
565	25
565	44
565	44
565	61
565	69
565	71
565	71
565	77
565	90
566	3
566	5
566	14
566	17
566	23
566	24
566	30
566	40
566	43
566	46
566	60
566	71
566	98
567	11
567	29
567	30
567	32
567	35
567	40
567	49
567	54
567	62
567	66
567	72
567	88
568	12
568	18
568	20
568	26
568	38
568	49
568	67
568	68
568	72
568	73
568	83
569	2
569	8
569	14
569	27
569	34
569	38
569	41
569	42
569	54
569	75
569	76
569	83
569	85
569	86
569	94
570	7
570	9
570	10
570	14
570	22
570	35
570	51
570	60
570	62
570	64
570	69
570	89
570	90
570	91
571	2
571	22
571	44
571	47
571	60
571	73
571	77
571	91
571	94
571	94
571	97
572	27
572	34
572	41
572	42
572	48
572	50
572	54
572	54
572	60
572	61
572	62
572	72
572	81
572	91
573	1
573	1
573	20
573	42
573	44
573	47
573	48
573	49
573	60
573	64
573	100
574	7
574	15
574	27
574	37
574	46
574	64
574	64
574	68
574	72
574	91
575	2
575	9
575	51
575	56
575	64
575	78
575	88
575	95
575	97
575	98
576	15
576	39
576	40
576	48
576	56
576	61
577	4
577	13
577	66
577	91
577	92
577	97
577	98
578	10
578	17
578	28
578	29
578	47
578	55
578	56
578	60
578	63
578	70
578	71
578	71
578	71
578	72
578	74
578	75
578	82
578	86
579	18
579	29
579	44
579	54
579	61
579	81
580	10
580	23
580	33
580	38
580	46
580	58
580	63
580	66
580	77
580	86
580	89
580	95
580	96
580	100
581	25
581	28
581	32
581	40
581	42
581	67
581	69
581	77
581	83
582	33
582	35
582	49
582	53
582	59
582	64
582	76
582	78
582	79
582	93
582	100
583	19
583	86
583	88
584	1
584	16
584	27
584	35
584	39
584	40
584	42
584	48
584	53
584	72
584	79
585	7
585	12
585	17
585	31
585	37
585	41
585	41
585	57
585	60
585	76
585	78
585	88
586	11
586	13
586	58
586	65
586	76
586	79
586	84
586	90
586	94
587	1
587	16
587	24
587	24
587	24
587	80
587	85
588	39
588	43
588	44
588	45
588	50
588	50
588	50
588	71
588	81
589	7
589	14
589	15
589	20
589	42
589	68
589	68
589	92
589	93
589	99
590	7
590	12
590	29
590	31
590	45
590	50
590	79
590	88
590	95
590	98
591	13
591	21
591	70
591	71
591	74
591	80
591	100
592	3
592	47
592	49
592	54
592	69
592	84
592	86
592	87
593	15
593	24
593	35
593	55
593	89
593	93
593	93
594	20
594	39
594	41
594	42
594	44
594	51
594	79
594	94
595	24
595	41
595	41
595	43
595	48
595	67
595	70
595	77
595	81
595	85
595	89
596	1
596	7
596	9
596	14
596	27
596	27
596	48
596	63
596	72
596	77
596	81
596	82
597	15
597	26
597	29
597	34
597	75
597	82
597	90
598	11
598	24
598	33
598	38
598	38
598	47
598	54
598	59
598	79
598	83
598	86
599	16
599	18
599	31
599	33
599	38
599	44
599	59
599	73
599	76
599	86
600	4
600	6
600	12
600	13
600	15
600	15
600	17
600	33
600	34
600	42
600	46
600	49
600	71
600	81
600	81
600	98
601	13
601	15
601	27
601	32
601	35
601	59
601	62
601	78
601	87
601	95
602	2
602	44
602	60
602	70
602	98
603	4
603	7
603	18
603	19
603	23
603	28
603	29
603	44
603	57
603	74
603	77
603	82
603	90
604	21
604	27
604	33
604	33
604	40
604	49
604	62
604	64
604	75
604	94
605	1
605	9
605	13
605	16
605	19
605	64
605	79
605	85
606	18
606	22
606	79
606	90
606	91
606	91
607	13
607	21
607	30
607	69
607	77
607	92
607	96
608	3
608	8
608	22
608	51
608	64
608	78
608	78
608	78
609	57
609	63
609	64
609	69
609	88
609	93
610	4
610	22
610	26
610	31
610	43
610	53
610	55
610	56
610	58
610	66
610	68
610	75
610	80
610	81
610	98
611	3
611	7
611	13
611	37
611	38
611	40
611	46
611	56
611	61
611	86
612	5
612	7
612	9
612	9
612	10
612	18
612	20
612	22
612	22
612	36
612	51
612	74
612	77
612	78
612	93
612	99
613	18
613	21
613	24
613	24
613	42
613	68
613	71
613	80
613	88
613	90
613	92
613	99
614	41
614	41
614	45
614	56
614	68
614	81
614	88
614	97
614	98
615	14
615	21
615	27
615	54
615	58
615	72
615	72
615	82
615	98
616	6
616	12
616	16
616	22
616	27
616	39
616	45
616	53
616	53
616	64
616	65
616	74
616	76
616	79
616	81
616	94
617	6
617	9
617	23
617	25
617	37
617	40
617	41
617	47
617	50
617	69
617	78
617	78
617	84
617	93
617	98
618	5
618	12
618	22
618	27
618	31
618	32
618	34
618	37
618	46
618	49
618	54
619	4
619	12
619	17
619	21
619	28
619	41
619	59
619	68
619	68
619	76
619	79
619	86
619	98
620	4
620	6
620	8
620	14
620	15
620	24
620	34
620	61
620	85
620	94
621	1
621	17
621	58
621	59
621	62
621	62
621	74
621	77
621	84
621	96
621	97
622	1
622	13
622	52
622	56
622	66
622	68
622	74
622	75
622	78
622	88
622	90
622	96
623	4
623	8
623	18
623	25
623	27
623	30
623	36
623	48
623	49
623	51
623	51
623	54
623	72
623	77
623	81
623	81
624	3
624	4
624	5
624	10
624	19
624	54
624	76
625	2
625	7
625	15
625	19
625	22
625	55
625	60
625	70
625	73
625	76
625	79
625	90
625	96
626	10
626	11
626	16
626	26
626	27
626	34
626	52
626	57
627	15
627	29
627	38
627	53
627	60
627	62
627	74
627	93
628	13
628	54
628	60
628	65
628	78
628	82
628	90
628	99
629	35
629	36
629	48
629	56
629	56
629	66
629	87
629	88
629	94
630	14
630	18
630	35
630	64
630	79
630	90
630	95
630	96
631	7
631	8
631	41
631	47
631	47
631	62
631	66
631	86
631	93
631	95
631	100
632	14
632	26
632	33
632	33
632	44
632	68
632	71
632	94
632	97
633	2
633	4
633	7
633	15
633	19
633	28
633	46
633	50
633	53
633	55
633	66
633	68
633	77
633	97
634	4
634	13
634	18
634	24
634	26
634	36
634	38
634	40
634	48
634	55
634	63
634	68
634	78
634	83
634	87
634	93
635	1
635	5
635	12
635	24
635	24
635	27
635	40
635	42
635	68
635	71
635	73
636	11
636	12
636	18
636	19
636	55
636	57
636	60
636	94
636	98
637	3
637	8
637	13
637	15
637	27
637	37
637	38
637	44
637	45
637	50
637	53
637	56
637	68
637	74
637	85
637	100
638	1
638	8
638	22
638	34
638	35
638	48
638	48
638	52
638	62
638	64
638	86
638	89
639	42
639	50
639	52
639	61
639	66
639	75
639	84
639	90
640	8
640	30
640	54
640	56
640	60
640	99
641	1
641	22
641	25
641	29
641	32
641	40
641	45
641	45
641	70
642	3
642	7
642	15
642	22
642	22
642	35
642	35
642	44
642	44
642	63
642	65
642	66
642	89
642	99
643	14
643	20
643	23
643	44
643	47
643	51
643	59
643	68
643	71
643	88
643	100
644	1
644	33
644	34
644	37
644	50
644	79
644	82
644	97
644	98
644	98
644	99
645	5
645	10
645	48
645	48
645	56
645	84
645	95
646	5
646	20
646	24
646	29
646	30
646	32
646	36
646	39
646	47
646	57
646	64
646	83
646	88
646	89
647	2
647	5
647	9
647	27
647	28
647	28
647	32
647	40
647	47
647	70
647	87
647	89
647	98
648	21
648	35
648	36
648	41
648	46
648	47
648	54
648	57
648	79
648	98
649	4
649	11
649	18
649	23
649	27
649	28
649	30
649	34
649	44
649	56
649	82
650	8
650	15
650	47
650	60
650	61
650	65
650	73
650	92
651	3
651	18
651	23
651	36
651	40
651	48
651	52
651	96
652	5
652	6
652	15
652	23
652	42
652	45
652	64
652	78
652	94
652	95
653	9
653	46
653	47
653	51
653	55
654	4
654	17
654	19
654	26
654	26
654	27
654	76
654	80
654	89
655	5
655	5
655	8
655	14
655	15
655	46
655	46
655	57
655	88
655	99
656	1
656	6
656	8
656	11
656	28
656	45
656	62
656	81
656	100
657	7
657	19
657	19
657	20
657	26
657	35
657	86
657	89
658	8
658	9
658	12
658	31
658	41
658	47
658	72
658	87
658	87
658	90
658	94
658	95
659	4
659	4
659	11
659	12
659	21
659	25
659	28
659	63
659	68
659	76
659	81
660	34
660	40
660	41
660	62
660	69
661	1
661	1
661	24
661	26
661	28
661	31
661	38
661	45
661	66
661	72
661	92
662	17
662	25
662	55
662	66
663	3
663	14
663	24
663	31
663	57
663	61
663	68
663	69
663	94
664	2
664	27
664	34
664	34
664	37
664	43
664	57
664	68
664	74
665	25
665	29
665	29
665	32
665	36
665	42
665	64
665	68
665	76
665	82
665	84
665	85
665	88
665	88
665	88
665	96
666	11
666	36
666	51
666	57
666	62
666	76
666	79
666	85
666	99
667	43
667	54
667	78
667	87
667	95
668	1
668	36
668	42
668	43
668	48
668	60
668	64
668	74
668	81
668	89
669	23
669	28
669	29
669	33
669	51
669	69
669	84
669	89
670	13
670	34
670	48
670	60
670	68
670	84
670	98
671	3
671	6
671	13
671	27
671	31
671	38
671	47
671	51
671	70
671	74
671	75
671	87
671	88
671	92
671	98
672	2
672	31
672	34
672	45
672	52
672	61
672	64
672	78
672	81
672	98
673	9
673	32
673	33
673	98
674	3
674	13
674	25
674	30
674	75
674	85
674	86
674	88
674	100
675	3
675	12
675	22
675	51
675	71
675	72
675	99
676	2
676	16
676	17
676	28
676	51
676	64
676	86
676	92
676	94
676	98
676	99
677	2
677	5
677	19
677	21
677	28
677	36
677	43
677	46
677	51
677	67
677	90
678	17
678	31
678	32
678	53
678	53
678	56
678	60
678	63
678	76
678	82
678	83
678	85
679	1
679	45
679	63
679	70
679	92
679	94
680	3
680	5
680	11
680	15
680	16
680	27
680	33
680	36
680	37
680	61
680	78
680	97
681	15
681	24
681	26
681	52
681	53
681	57
681	70
681	79
681	93
681	98
682	5
682	15
682	18
682	21
682	47
682	50
682	54
682	60
682	61
682	65
682	74
682	98
683	3
683	40
683	41
683	64
683	64
683	66
683	67
683	68
683	69
683	71
683	75
683	75
683	80
684	2
684	12
684	14
684	16
684	17
684	22
684	27
684	38
684	39
684	52
684	54
684	69
684	87
684	90
684	92
685	14
685	15
685	31
685	39
685	42
685	95
686	14
686	25
686	29
686	39
686	41
686	45
687	29
687	34
687	45
687	61
687	64
687	92
688	3
688	61
688	92
689	19
689	30
689	65
689	73
689	78
689	82
689	83
689	90
690	2
690	3
690	36
690	46
690	49
690	57
690	60
690	72
690	77
690	82
690	88
691	4
691	7
691	20
691	22
691	39
691	53
691	56
691	77
691	89
691	96
691	99
692	6
692	21
692	43
692	55
692	61
692	66
693	19
693	20
693	28
693	35
693	36
693	51
693	51
693	63
693	72
693	75
694	15
694	28
694	32
694	35
694	47
694	79
694	85
695	3
695	25
695	41
695	53
695	64
695	65
695	69
695	86
695	86
696	1
696	27
696	43
696	56
696	58
696	59
696	60
696	92
697	2
697	3
697	9
697	20
697	23
697	44
697	48
697	55
697	70
697	71
697	72
697	73
697	73
697	88
697	96
698	14
698	15
698	22
698	51
698	53
698	56
698	59
698	62
698	72
698	85
699	1
699	3
699	13
699	22
699	22
699	22
699	51
699	57
699	66
699	66
699	68
699	78
699	92
700	31
700	54
700	56
700	60
700	91
700	98
700	98
701	13
701	13
701	14
701	35
701	43
701	49
701	56
701	59
701	73
701	74
701	75
701	75
701	86
701	97
702	2
702	18
702	36
702	95
702	96
702	98
703	13
703	24
703	28
703	48
703	49
703	55
703	61
703	71
703	90
704	3
704	15
704	21
704	22
704	27
704	28
704	44
704	44
704	53
704	71
704	84
704	90
704	94
705	5
705	10
705	14
705	15
705	19
705	28
705	42
705	49
705	61
705	68
705	83
706	2
706	10
706	12
706	22
706	29
706	42
706	46
706	60
706	73
706	78
707	2
707	12
707	20
707	26
707	29
707	30
707	48
707	72
707	86
707	92
707	95
708	2
708	10
708	16
708	19
708	22
708	25
708	26
708	28
708	34
708	38
708	47
708	65
708	77
708	80
708	91
708	96
709	9
709	15
709	16
709	20
709	23
709	37
709	41
709	59
709	60
709	81
709	94
709	100
710	4
710	15
710	21
710	30
710	37
710	62
710	71
710	85
710	87
710	89
710	90
711	59
711	76
711	79
711	100
712	5
712	18
712	19
712	32
712	65
712	78
712	98
713	2
713	11
713	25
713	29
713	35
713	50
713	79
713	81
713	88
713	90
714	3
714	7
714	29
714	32
714	77
714	79
714	81
714	89
715	36
715	38
715	44
715	45
715	52
715	77
715	84
715	93
716	6
716	7
716	12
716	16
716	25
716	34
716	58
716	59
716	63
716	73
716	81
717	1
717	16
717	22
717	74
717	76
717	79
717	82
717	84
717	90
717	97
717	100
718	2
718	16
718	21
718	24
718	28
718	29
718	33
718	41
718	46
718	48
718	69
718	72
718	78
718	78
718	91
718	92
718	97
718	98
719	3
719	6
719	14
719	14
719	14
719	25
719	31
719	38
719	53
719	58
719	74
719	88
720	6
720	6
720	10
720	16
720	18
720	19
720	39
720	42
720	55
720	73
720	74
720	80
720	94
721	7
721	10
721	28
721	39
721	40
721	77
721	84
721	84
721	96
722	4
722	4
722	5
722	20
722	21
722	33
722	62
722	76
722	95
723	2
723	18
723	24
723	31
723	35
723	44
723	53
723	58
723	65
723	65
723	73
723	86
723	91
723	94
724	19
724	21
724	21
724	30
724	34
724	39
724	55
725	4
725	10
725	24
725	27
725	30
725	38
725	48
725	61
725	62
725	66
725	68
725	73
725	83
725	97
725	98
726	5
726	5
726	11
726	19
726	23
726	45
726	48
726	61
726	61
726	62
726	79
726	98
726	98
727	15
727	19
727	30
727	43
727	46
727	54
727	71
727	74
727	100
728	12
728	14
728	35
728	41
728	44
728	54
728	55
728	68
728	77
728	85
728	96
729	14
729	28
729	30
729	82
729	98
730	10
730	11
730	17
730	27
730	36
730	36
730	37
730	42
730	48
730	49
730	55
730	66
730	67
730	82
730	83
730	83
730	99
731	11
731	29
731	36
731	45
731	48
731	77
731	86
732	2
732	8
732	31
732	40
732	41
732	42
732	58
732	58
732	61
732	62
732	62
732	94
732	97
733	5
733	7
733	9
733	13
733	26
733	29
733	31
733	39
733	49
733	54
733	63
733	67
733	72
733	75
733	82
733	86
733	97
734	8
734	37
734	40
734	46
734	51
734	75
734	75
734	76
734	79
734	80
735	15
735	38
735	50
735	50
735	53
735	56
735	75
735	75
735	90
736	2
736	4
736	5
736	14
736	22
736	50
736	82
736	89
736	97
737	6
737	11
737	26
737	27
737	28
737	37
737	82
737	100
738	10
738	11
738	21
738	22
738	25
738	56
738	64
738	69
738	70
738	70
738	87
738	92
738	94
739	2
739	2
739	5
739	19
739	21
739	42
739	50
739	83
740	19
740	21
740	24
740	45
740	62
740	86
740	90
740	90
741	19
741	30
741	33
741	40
741	65
741	75
741	86
741	88
741	89
741	90
741	92
741	92
741	100
742	8
742	10
742	12
742	15
742	23
742	34
742	52
742	66
743	13
743	15
743	16
743	38
743	54
743	60
743	67
744	4
744	5
744	29
744	58
744	76
744	99
745	2
745	3
745	13
745	19
745	40
745	50
745	52
745	63
745	66
745	72
745	86
745	91
745	99
746	7
746	7
746	14
746	18
746	47
746	55
746	65
746	66
746	72
746	76
747	5
747	9
747	12
747	15
747	54
747	67
747	97
748	48
748	74
748	75
748	80
748	81
748	98
749	2
749	7
749	14
749	32
749	35
749	47
749	49
749	55
749	58
750	21
750	34
750	54
750	83
750	92
751	4
751	9
751	16
751	23
751	28
751	35
751	52
751	90
751	91
752	3
752	6
752	54
752	57
752	78
752	80
753	11
753	15
753	21
753	23
753	32
753	42
753	51
753	59
753	77
753	100
754	6
754	14
754	27
754	100
755	14
755	16
755	25
755	45
755	62
755	65
755	74
756	5
756	26
756	34
756	37
756	37
756	43
756	48
756	59
756	75
756	85
756	96
756	97
757	26
757	41
757	55
757	66
757	81
758	11
758	30
758	44
758	51
758	57
758	57
758	71
758	73
758	75
758	81
758	88
758	91
758	98
758	100
759	5
759	20
759	23
759	32
759	51
759	55
759	72
759	84
759	93
759	96
760	22
760	27
760	30
760	33
760	48
760	61
760	61
760	71
760	75
760	95
761	11
761	14
761	17
761	28
761	29
761	40
761	57
761	59
761	61
761	81
761	87
762	20
762	24
762	26
762	31
762	33
762	34
762	51
762	54
762	54
762	65
762	73
762	77
762	89
763	1
763	16
763	28
763	31
763	36
763	36
763	51
763	85
763	92
763	95
764	33
764	45
764	56
764	63
764	66
764	69
764	77
764	83
764	98
765	3
765	6
765	26
765	35
765	45
765	58
765	59
765	66
765	100
766	6
766	22
766	28
766	31
766	46
766	49
766	61
767	14
767	15
767	16
767	17
767	32
767	43
767	44
767	69
767	70
767	75
768	3
768	3
768	8
768	47
768	55
768	55
768	58
768	58
768	62
768	74
768	80
768	93
769	25
769	28
769	45
769	48
769	58
769	85
769	87
769	91
769	97
770	2
770	3
770	24
770	37
770	44
770	50
770	92
770	93
771	5
771	8
771	18
771	21
771	46
771	47
771	47
771	49
771	65
771	72
771	79
771	93
771	93
771	97
772	39
772	50
772	57
772	64
772	92
772	95
773	6
773	7
773	9
773	10
773	33
773	38
773	39
773	39
773	70
773	80
774	6
774	12
774	19
774	21
774	22
774	25
774	54
774	74
774	89
775	5
775	5
775	17
775	31
775	32
775	46
775	57
775	62
775	71
775	73
775	93
775	94
775	97
775	100
776	1
776	7
776	25
776	27
776	28
776	35
776	75
776	82
776	87
776	89
776	89
776	90
776	95
777	2
777	10
777	11
777	39
777	41
777	44
777	55
777	68
777	71
777	75
778	39
778	60
778	69
778	70
778	73
778	80
778	82
778	99
779	4
779	9
779	25
779	27
779	39
779	47
779	53
779	66
779	69
779	75
779	91
779	91
779	100
780	2
780	2
780	2
780	24
780	27
780	27
780	28
780	41
780	43
780	44
780	46
780	67
780	69
780	72
781	6
781	16
781	18
781	28
781	40
781	44
781	47
781	58
781	62
781	67
781	71
781	82
781	97
782	14
782	33
782	36
782	60
782	73
782	73
782	76
782	84
782	98
783	5
783	10
783	10
783	13
783	23
783	86
783	89
783	89
784	2
784	2
784	12
784	17
784	23
784	29
784	30
784	37
784	40
784	44
784	45
784	61
784	63
784	73
784	75
784	81
784	87
784	91
785	1
785	2
785	18
785	20
785	21
785	32
785	34
785	39
785	44
785	45
785	62
785	73
785	75
785	89
786	3
786	18
786	19
786	21
786	28
786	33
786	43
786	62
786	77
786	84
786	94
787	21
787	22
787	30
787	31
787	31
787	42
787	57
787	65
787	91
787	97
788	2
788	8
788	37
788	39
788	41
788	45
788	53
788	56
788	65
788	74
788	76
788	79
788	90
789	12
789	14
789	32
789	52
789	55
789	74
789	100
790	16
790	18
790	19
790	21
790	50
790	51
790	74
790	92
790	93
790	97
790	99
790	100
791	19
791	50
791	78
791	86
791	96
791	100
792	10
792	18
792	21
792	27
792	38
792	48
792	50
792	62
792	65
792	78
793	30
793	35
793	37
793	40
793	58
793	63
793	70
793	88
793	88
794	8
794	38
794	40
794	55
794	63
794	68
795	29
795	56
795	58
795	76
795	82
795	83
795	93
796	10
796	15
796	19
796	26
796	37
796	38
796	52
797	25
797	27
797	40
797	44
797	51
797	66
797	90
798	8
798	18
798	23
798	32
798	46
798	63
798	65
798	74
798	82
799	1
799	21
799	25
799	33
799	49
799	51
799	58
799	59
799	83
799	94
799	96
800	8
800	22
800	27
800	28
800	34
800	46
800	47
800	52
800	81
800	84
800	94
801	1
801	13
801	15
801	54
801	68
801	89
802	5
802	52
802	61
802	97
803	25
803	30
803	35
803	37
803	41
803	41
803	46
803	48
803	52
803	56
803	62
803	77
803	92
803	96
804	3
804	9
804	10
804	12
804	25
804	26
804	31
804	37
804	46
804	57
804	59
804	75
804	77
804	86
804	87
804	88
805	8
805	8
805	19
805	20
805	25
805	28
805	31
805	33
805	36
805	36
805	40
805	45
805	49
805	50
805	55
805	66
805	70
805	79
805	99
806	6
806	10
806	31
806	99
807	5
807	6
807	9
807	20
807	72
808	2
808	8
808	12
808	23
808	30
808	32
808	37
808	41
808	42
808	47
808	53
808	58
808	64
808	72
808	75
808	77
808	83
808	85
808	89
808	91
808	99
808	100
809	26
809	33
809	36
809	56
809	58
809	58
809	61
809	65
809	75
809	88
810	12
810	15
810	18
810	36
810	59
810	65
810	68
810	70
810	92
811	16
811	42
811	61
811	81
811	95
812	7
812	10
812	24
812	41
812	46
812	71
812	76
812	85
812	97
813	4
813	6
813	9
813	14
813	26
813	27
813	31
813	40
813	49
813	72
813	75
813	78
813	84
814	3
814	9
814	17
814	22
814	29
814	33
814	43
814	62
814	63
814	88
814	90
814	98
815	24
815	26
815	29
815	67
815	69
815	72
815	84
815	86
815	91
815	96
816	9
816	22
816	25
816	27
816	46
816	60
816	83
816	83
816	87
816	92
817	30
817	40
817	40
817	62
817	70
817	71
817	84
817	88
817	98
818	3
818	9
818	20
818	26
818	34
818	47
818	49
818	57
818	60
818	64
818	67
818	70
818	77
818	80
818	90
818	96
818	97
818	97
819	7
819	21
819	27
819	32
819	41
819	42
819	48
819	49
819	54
819	64
820	7
820	8
820	25
820	41
820	57
820	59
820	61
820	69
820	87
820	88
820	89
821	1
821	58
821	62
821	64
821	64
821	67
821	87
821	94
821	96
821	99
822	14
822	21
822	28
822	35
822	36
822	46
822	76
822	84
823	10
823	17
823	29
823	45
823	46
823	80
823	87
823	95
824	27
824	35
824	48
824	58
824	60
825	2
825	33
825	40
825	71
825	76
825	80
826	1
826	13
826	16
826	19
826	35
826	47
826	53
826	53
826	58
826	82
826	90
826	100
827	1
827	8
827	9
827	61
827	74
827	79
827	84
828	1
828	4
828	24
828	29
828	34
828	47
828	64
828	71
828	79
828	96
829	16
829	39
829	39
829	63
829	74
829	89
829	89
829	90
829	97
829	100
830	1
830	11
830	25
830	44
830	68
830	90
831	13
831	15
831	37
831	65
831	72
831	82
831	84
831	84
831	98
832	13
832	22
832	40
832	43
832	59
832	88
832	98
833	1
833	3
833	18
833	26
833	27
833	34
833	48
833	58
833	62
833	79
833	84
833	86
833	97
834	4
834	11
834	13
834	23
834	57
834	66
834	72
834	73
834	82
834	93
835	13
835	14
835	25
835	30
835	32
835	38
835	40
835	75
835	77
836	11
836	23
836	33
836	37
836	39
836	43
836	46
836	52
836	65
836	72
836	75
836	83
836	89
837	14
837	40
837	44
837	75
837	81
837	85
837	89
837	95
837	100
838	1
838	8
838	31
838	36
838	43
838	49
838	59
839	6
839	13
839	22
839	31
839	36
839	38
839	51
839	63
839	69
839	80
839	86
839	94
840	10
840	17
840	20
840	30
840	44
840	50
840	52
840	64
840	67
840	86
840	87
841	12
841	20
841	35
841	49
841	84
841	84
842	9
842	24
842	34
842	43
842	46
842	48
842	53
842	71
842	92
843	19
843	21
843	29
843	70
843	90
844	3
844	55
844	60
844	61
844	77
844	80
844	83
845	11
845	12
845	14
845	14
845	26
845	38
845	41
845	42
845	54
845	54
845	62
845	62
845	78
845	84
845	87
845	89
845	91
846	24
846	29
846	39
846	54
846	54
846	57
846	61
846	98
847	5
847	17
847	27
847	37
847	62
847	69
847	71
847	71
847	79
847	85
847	93
848	2
848	3
848	3
848	14
848	21
848	27
848	46
848	76
848	77
848	89
848	91
849	9
849	9
849	25
849	28
849	51
849	52
849	53
849	63
849	64
849	73
849	75
849	75
849	80
849	81
849	84
849	91
850	8
850	15
850	24
850	33
850	36
850	50
850	67
850	76
850	79
850	89
850	92
851	2
851	9
851	17
851	19
851	20
851	31
851	33
851	56
851	56
851	60
851	73
851	76
851	79
851	80
851	80
852	3
852	3
852	16
852	23
852	34
852	43
852	46
852	66
852	69
852	78
852	81
852	85
852	90
852	95
852	98
852	99
853	32
853	35
853	47
853	55
853	67
853	68
854	12
854	22
854	29
854	41
854	45
854	56
854	60
854	69
854	69
854	73
854	83
855	22
855	25
855	32
855	37
855	69
855	71
855	71
855	73
855	79
855	80
855	94
855	97
856	26
856	31
856	31
856	48
856	74
856	89
857	4
857	14
857	22
857	33
857	41
857	41
857	53
857	58
857	72
857	84
857	94
858	14
858	19
858	24
858	27
858	30
858	39
858	41
858	45
858	77
858	95
859	2
859	9
859	13
859	16
859	27
859	55
859	58
859	63
859	74
859	96
859	97
860	25
860	27
860	36
860	37
860	50
860	57
860	68
860	75
860	84
861	7
861	16
861	71
861	81
861	87
861	92
861	97
861	98
861	98
862	15
862	44
862	48
862	52
862	52
862	55
862	79
862	79
863	1
863	3
863	9
863	15
863	17
863	20
863	47
863	50
863	64
863	66
863	88
863	93
864	11
864	27
864	35
864	46
864	51
864	66
864	68
864	78
864	86
864	90
864	92
865	3
865	18
865	31
865	32
865	33
865	53
865	82
865	84
865	87
865	88
866	7
866	18
866	30
866	35
866	84
866	97
866	99
867	7
867	9
867	19
867	25
867	35
867	40
867	41
867	41
867	51
867	89
867	95
868	20
868	23
868	31
868	46
868	77
868	84
868	89
869	9
869	40
869	51
869	59
869	60
869	81
869	85
870	10
870	15
870	34
870	43
870	48
870	50
870	58
870	63
870	70
870	85
871	10
871	14
871	21
871	21
871	23
871	27
871	27
871	40
871	75
871	84
871	90
872	9
872	13
872	21
872	41
872	43
872	50
872	51
872	61
872	78
872	87
872	94
873	9
873	10
873	18
873	19
873	22
873	43
873	46
873	61
873	81
873	82
873	89
873	96
874	5
874	21
874	41
874	54
874	58
874	72
874	83
874	87
874	88
875	4
875	7
875	19
875	29
875	56
875	64
875	66
875	68
875	71
875	73
875	75
876	13
876	13
876	31
876	32
876	44
876	51
876	55
876	63
876	81
876	86
876	92
877	20
877	25
877	26
877	27
877	28
877	36
877	38
877	48
877	53
877	61
877	64
877	68
877	75
877	77
877	86
878	2
878	7
878	20
878	22
878	44
878	46
878	58
878	62
878	77
878	92
879	6
879	16
879	16
879	26
879	61
879	71
879	82
879	84
880	5
880	35
880	39
880	53
880	55
880	58
880	87
880	90
880	98
881	10
881	40
881	44
881	44
881	47
881	85
881	88
882	1
882	23
882	37
882	37
882	39
882	40
882	42
882	46
882	54
882	61
882	63
882	74
882	79
882	80
882	90
882	95
882	96
883	3
883	6
883	10
883	19
883	23
883	23
883	23
883	62
883	64
883	72
883	75
883	75
883	88
883	95
884	23
884	27
884	44
884	47
884	53
884	57
884	60
884	60
884	66
884	70
884	77
884	78
884	93
884	95
885	21
885	31
885	47
885	51
885	61
885	62
885	67
885	79
885	80
885	81
885	85
885	92
886	12
886	23
886	91
886	94
887	3
887	11
887	15
887	17
887	19
887	24
887	31
887	47
887	59
887	79
887	90
887	96
888	40
888	42
888	42
888	43
888	44
888	45
888	53
888	56
888	56
888	63
888	70
888	99
888	100
889	3
889	7
889	15
889	18
889	20
889	20
889	28
889	50
889	51
889	54
889	69
889	75
889	79
890	6
890	25
890	28
890	35
890	78
890	79
891	7
891	9
891	20
891	21
891	25
891	29
891	36
891	36
891	49
891	61
891	75
891	89
891	91
891	96
892	50
892	70
892	86
893	4
893	22
893	29
893	31
893	36
893	44
893	50
893	67
893	76
893	80
894	2
894	10
894	16
894	19
894	38
894	67
894	68
894	80
895	7
895	32
895	41
895	42
895	75
895	87
895	98
895	99
896	40
896	43
896	60
896	74
897	31
897	37
897	41
897	65
897	87
897	88
898	22
898	23
898	31
898	34
898	42
898	42
898	44
898	45
898	46
898	73
898	74
898	94
899	4
899	5
899	10
899	20
899	21
899	32
899	73
899	76
899	85
900	5
900	20
900	35
900	54
900	68
900	82
900	87
900	91
900	95
900	96
900	96
901	6
901	7
901	11
901	18
901	21
901	25
901	43
901	45
901	58
901	78
901	85
902	18
902	38
902	50
902	51
902	53
902	75
902	84
902	87
902	91
903	6
903	7
903	11
903	23
903	29
903	31
903	32
903	35
903	43
903	44
903	47
903	48
903	53
903	76
903	95
903	95
904	18
904	47
904	59
904	65
904	69
904	72
904	73
904	83
904	91
904	98
905	5
905	7
905	14
905	47
905	51
905	90
905	92
906	17
906	44
906	58
906	59
906	60
906	96
907	14
907	17
907	40
907	42
907	48
907	55
907	63
907	96
907	97
908	9
908	20
908	25
908	34
908	40
908	50
908	50
908	66
908	79
908	80
908	82
909	17
909	37
909	52
909	53
909	57
909	59
909	61
909	67
909	77
909	92
909	94
909	100
910	7
910	11
910	19
910	33
910	49
910	61
910	64
910	75
910	84
911	30
911	31
911	32
911	61
911	64
911	71
911	76
911	86
911	89
911	96
912	16
912	23
912	29
912	36
912	39
912	58
912	75
912	93
913	9
913	9
913	12
913	17
913	32
913	51
913	54
913	67
913	71
913	72
913	73
914	5
914	9
914	26
914	26
914	40
914	49
914	70
914	74
914	75
914	80
914	91
914	96
915	5
915	10
915	17
915	21
915	22
915	23
915	37
915	39
915	54
915	63
915	65
915	74
915	79
915	93
915	93
915	96
916	10
916	55
916	66
916	71
916	81
916	100
917	30
917	34
917	37
917	40
917	56
917	63
917	71
917	76
917	77
917	95
917	96
917	97
918	3
918	13
918	26
918	37
918	43
918	43
918	73
919	12
919	16
919	26
919	28
919	35
919	46
919	49
919	59
919	65
919	74
919	75
919	80
919	88
919	97
919	98
920	27
920	40
920	41
920	63
921	2
921	6
921	13
921	17
921	18
921	22
921	25
921	29
921	43
921	66
921	78
921	99
921	100
922	22
922	24
922	28
922	38
922	45
922	53
922	53
922	80
922	80
922	81
922	89
923	1
923	3
923	5
923	8
923	12
923	25
923	41
923	45
923	51
923	73
923	83
923	95
923	97
924	4
924	23
924	24
924	39
924	41
924	58
924	61
924	63
924	65
924	74
924	76
924	96
925	1
925	3
925	4
925	12
925	20
925	24
925	44
925	46
925	56
925	63
925	69
925	80
925	81
925	85
925	91
926	24
926	51
926	55
926	68
926	74
926	83
926	83
926	85
927	13
927	19
927	30
927	68
927	76
927	87
927	93
927	99
928	1
928	3
928	15
928	33
928	34
928	37
928	40
928	60
928	81
928	87
929	8
929	14
929	14
929	23
929	28
929	54
929	56
929	63
929	77
929	83
929	88
929	89
929	93
930	14
930	15
930	26
930	30
930	32
930	33
930	36
930	43
930	45
930	52
930	52
930	66
930	79
931	18
931	20
931	30
931	45
931	88
931	98
932	1
932	19
932	23
932	30
932	35
932	46
932	64
932	66
932	71
933	7
933	19
933	24
933	31
933	41
933	57
933	59
933	71
934	8
934	15
934	34
934	34
934	47
934	54
934	67
934	75
934	76
934	91
935	9
935	76
935	93
935	94
935	94
935	99
936	1
936	9
936	10
936	37
936	46
936	51
936	65
936	89
936	97
936	97
937	10
937	47
937	59
937	79
938	8
938	24
938	30
938	31
938	37
938	42
938	47
938	62
938	91
938	97
939	6
939	9
939	21
939	25
939	35
939	52
939	58
939	70
939	79
939	85
939	85
939	94
939	100
940	28
940	29
940	40
940	44
940	49
940	64
940	71
941	3
941	7
941	39
941	64
941	69
941	70
941	70
941	71
941	75
941	82
942	1
942	4
942	21
942	25
942	30
942	59
942	80
942	82
942	89
942	94
942	96
943	5
943	16
943	38
943	38
943	41
943	46
943	58
943	58
943	68
943	82
943	92
944	12
944	19
944	25
944	29
944	39
944	58
944	80
944	81
944	96
945	3
945	13
945	17
945	46
945	48
945	65
945	76
945	80
945	87
946	15
946	16
946	23
946	23
946	24
946	37
946	57
946	70
946	76
946	77
946	82
946	83
947	4
947	6
947	7
947	31
947	42
947	48
947	55
947	66
947	66
947	72
947	72
947	76
947	95
948	1
948	4
948	13
948	22
948	35
948	54
948	62
948	67
948	74
948	79
948	90
948	90
948	99
949	6
949	35
949	39
949	47
949	49
949	53
949	56
949	71
949	72
949	79
949	80
949	81
949	85
949	90
949	97
949	99
950	4
950	5
950	12
950	12
950	25
950	34
950	40
950	61
950	78
950	88
950	94
950	98
951	37
951	39
951	49
951	59
951	76
951	81
951	81
951	92
951	97
951	100
952	8
952	20
952	21
952	48
952	51
952	74
952	85
953	1
953	35
953	38
953	47
954	3
954	6
954	9
954	16
954	52
954	63
954	63
954	66
954	83
954	95
955	8
955	15
955	22
955	27
955	32
955	45
955	62
955	79
955	88
955	96
956	8
956	13
956	21
956	39
956	48
956	60
956	71
956	74
956	76
956	93
956	95
956	98
956	100
957	2
957	9
957	19
957	22
957	22
957	38
957	44
957	59
957	67
957	75
957	81
957	82
957	83
957	84
957	88
958	9
958	11
958	24
958	28
958	41
958	69
958	73
958	78
958	89
959	7
959	9
959	13
959	18
959	22
959	52
959	61
959	63
959	68
959	82
959	99
960	10
960	10
960	46
960	50
960	56
961	15
961	16
961	20
961	32
961	35
961	41
961	43
961	47
961	55
961	73
961	81
961	83
961	97
961	99
962	31
962	37
962	56
962	69
962	76
962	80
962	82
962	96
962	98
962	100
963	10
963	19
963	22
963	23
963	60
963	62
963	65
963	80
963	91
963	100
964	1
964	5
964	10
964	16
964	24
964	29
964	76
964	84
964	92
965	3
965	5
965	16
965	22
965	24
965	40
965	46
965	56
965	56
965	56
965	64
965	87
965	90
965	94
966	4
966	11
966	14
966	15
966	15
966	16
966	24
966	44
966	74
966	83
966	87
967	5
967	6
967	43
967	61
967	62
968	13
968	22
968	27
968	30
968	60
968	64
968	79
969	2
969	3
969	7
969	14
969	14
969	20
969	39
969	41
969	43
969	45
969	61
969	65
969	70
969	86
969	89
969	91
969	92
969	96
970	4
970	9
970	10
970	26
970	29
970	55
970	63
970	65
970	77
970	83
970	96
971	9
971	12
971	14
971	26
971	29
971	80
971	81
971	86
971	93
971	99
972	7
972	14
972	38
972	49
972	62
972	71
973	16
973	22
973	27
973	37
973	66
973	80
973	95
973	95
973	98
973	100
974	5
974	20
974	22
974	44
974	51
974	57
974	65
974	72
974	75
974	84
974	85
974	89
975	3
975	9
975	13
975	30
975	39
975	42
975	72
975	75
975	78
975	93
976	3
976	7
976	17
976	32
976	42
976	42
976	44
976	44
976	52
976	53
976	59
976	63
976	77
976	87
976	91
976	97
976	97
976	100
977	22
977	30
977	42
977	49
977	55
977	66
978	8
978	10
978	12
978	33
978	41
978	56
978	76
978	77
978	78
978	80
978	81
978	85
978	93
978	96
979	8
979	10
979	30
979	31
979	41
979	42
979	81
979	82
979	87
980	12
980	25
980	26
980	45
980	55
980	58
980	68
980	76
980	78
980	80
980	90
980	92
980	92
980	94
980	100
981	27
981	49
981	60
981	68
981	84
981	84
981	86
981	95
981	98
981	100
982	6
982	11
982	15
982	39
982	47
982	57
982	61
982	68
982	76
982	83
983	2
983	36
983	59
983	84
983	84
984	3
984	11
984	16
984	18
984	37
984	40
984	41
984	51
984	57
984	94
985	8
985	9
985	12
985	15
985	24
985	34
985	51
985	52
985	53
985	63
985	66
985	67
985	87
986	8
986	34
986	48
986	75
986	80
986	85
986	94
987	8
987	18
987	19
987	33
987	46
987	55
987	55
988	16
988	16
988	17
988	28
988	34
988	49
988	53
988	72
988	74
988	87
988	93
989	1
989	5
989	27
989	32
989	45
989	52
989	60
989	61
989	63
989	75
989	84
989	87
989	87
990	32
990	35
990	51
990	72
990	81
990	84
990	91
990	97
990	99
991	10
991	31
991	40
991	47
991	51
991	56
991	59
991	65
991	77
991	80
991	80
991	93
991	94
992	10
992	11
992	12
992	15
992	36
992	57
992	64
992	65
992	77
992	87
992	90
993	10
993	28
993	31
993	35
993	41
993	45
993	48
993	48
993	53
993	75
993	78
993	85
993	95
994	13
994	15
994	23
994	28
994	47
994	73
994	75
994	79
994	91
994	96
995	3
995	7
995	25
995	27
995	28
995	62
995	64
995	88
995	93
995	94
995	97
996	24
996	27
996	44
996	55
996	69
996	72
996	88
996	97
997	3
997	6
997	6
997	12
997	14
997	21
997	25
997	27
997	33
997	50
997	50
998	42
998	57
998	91
999	2
999	2
999	8
999	11
999	12
999	19
999	19
999	19
999	29
999	46
999	58
999	61
999	62
999	75
999	97
999	100
1000	24
1000	27
1000	29
1000	30
1000	38
1000	56
1000	67
1000	69
1000	72
1000	80
1000	91
