1000
3	30
3	32
3	35
3	45
3	53
3	67
3	68
3	79
4	12
4	15
4	21
4	64
4	68
4	73
4	75
4	93
5	9
5	17
5	49
5	76
6	4
6	4
6	13
6	21
6	22
6	26
6	32
6	36
6	37
6	42
6	44
6	54
6	54
6	70
6	73
6	74
6	77
6	87
6	90
7	22
7	26
7	35
7	43
7	48
7	55
7	62
7	72
7	76
7	81
7	81
8	3
8	16
8	33
8	37
8	47
8	48
8	55
8	65
8	74
9	2
9	5
9	11
9	15
9	24
9	47
9	51
9	62
9	74
9	84
9	89
10	11
10	24
10	30
10	36
10	50
10	53
10	69
11	5
11	9
11	10
11	12
11	21
11	27
11	65
11	65
11	78
11	84
11	95
12	9
12	20
12	24
12	33
12	38
12	38
12	63
12	72
12	74
12	81
12	83
13	1
13	1
13	12
13	21
13	28
13	36
13	38
13	65
13	65
14	1
14	22
14	43
14	63
14	67
14	88
14	99
15	21
15	30
15	36
15	37
15	51
15	52
15	52
15	54
15	60
15	82
15	83
15	90
15	97
16	3
16	28
16	32
16	34
16	45
16	49
16	52
17	3
17	8
17	18
17	21
17	34
17	54
17	64
17	69
17	72
17	84
17	96
17	99
18	16
18	18
18	28
18	31
18	31
18	35
18	56
18	63
18	91
19	12
19	14
19	45
19	54
19	59
19	64
19	69
19	78
19	98
20	1
20	7
20	19
20	20
20	24
20	26
20	31
20	32
20	48
20	62
20	64
20	66
20	69
20	71
20	78
20	80
20	83
20	84
20	89
21	11
21	32
21	39
21	62
21	69
21	77
21	98
21	100
22	2
22	2
22	9
22	16
22	20
22	48
22	52
22	53
22	95
23	1
23	1
23	5
23	74
23	83
23	91
23	97
24	20
24	21
24	23
24	32
24	36
24	39
24	49
24	50
24	59
24	64
24	71
25	1
25	7
25	9
25	13
25	16
25	22
25	32
25	32
25	36
25	43
25	45
25	47
25	47
25	59
25	74
25	95
25	99
26	1
26	11
26	22
26	26
26	37
26	39
26	73
26	88
27	6
27	12
27	31
27	35
27	55
27	55
27	58
27	59
27	71
27	83
27	98
28	2
28	10
28	18
28	30
28	48
28	60
28	60
28	69
28	86
28	86
28	95
28	98
28	99
29	1
29	20
29	31
29	38
29	45
29	51
29	57
29	62
29	76
29	79
29	100
30	11
30	19
30	30
30	50
30	52
30	64
30	67
30	81
31	10
31	19
31	29
31	47
31	65
31	94
32	22
32	24
32	50
32	55
32	61
32	62
32	66
32	69
32	78
32	79
32	81
32	93
33	11
33	22
33	35
33	36
33	41
33	45
33	46
33	70
33	78
33	91
33	97
33	100
34	1
34	36
34	49
34	52
34	66
34	78
34	84
34	98
35	7
35	17
35	20
35	26
35	34
35	50
36	38
36	38
36	39
36	56
36	62
36	71
36	80
36	82
36	83
36	89
36	95
37	69
37	81
37	90
37	91
37	95
38	1
38	3
38	11
38	36
38	40
38	44
38	51
38	91
38	96
38	98
39	45
39	46
39	60
39	79
39	83
39	87
39	98
40	13
40	20
40	53
40	86
40	94
40	95
40	96
41	2
41	14
41	16
41	35
41	40
41	43
41	46
41	54
41	63
41	83
42	4
42	9
42	10
42	15
42	19
42	22
42	23
42	24
42	45
42	50
42	58
42	62
42	63
42	65
42	71
42	72
42	85
43	1
43	5
43	6
43	6
43	14
43	20
43	29
43	37
43	52
43	66
43	68
43	75
43	78
43	96
43	97
44	6
44	14
44	14
44	36
44	75
44	76
44	86
44	92
45	8
45	13
45	48
45	56
45	78
45	93
45	96
46	25
46	39
46	61
47	7
47	9
47	19
47	90
48	4
48	45
48	51
48	57
48	59
48	60
48	61
48	89
48	90
48	97
49	3
49	7
49	8
49	23
49	32
49	35
49	60
49	63
49	72
49	88
49	88
49	94
49	99
50	5
50	7
50	14
50	31
50	70
50	96
50	96
50	97
50	98
51	10
51	18
51	40
51	51
51	66
51	70
51	75
51	82
51	92
52	8
52	9
52	11
52	12
52	15
52	17
52	19
52	24
52	26
52	28
52	32
52	37
52	45
52	46
52	51
52	86
52	93
52	94
53	29
53	31
53	35
53	48
53	58
53	58
53	76
53	76
53	78
53	80
53	88
53	88
53	97
54	4
54	22
54	46
54	65
54	70
54	88
54	89
54	96
55	3
55	16
55	52
55	65
55	86
55	88
55	90
55	98
56	1
56	20
56	28
56	34
56	37
56	39
56	56
56	59
56	64
56	66
56	69
56	100
57	7
57	23
57	28
57	37
57	59
57	60
57	93
58	26
58	32
58	35
58	42
58	44
58	47
58	64
58	66
58	68
59	14
59	16
59	17
59	37
59	48
59	50
59	52
59	65
59	68
59	74
59	95
60	22
60	65
60	67
60	84
60	85
60	96
60	97
61	28
61	66
61	75
61	77
61	84
61	88
61	96
62	3
62	10
62	17
62	21
62	33
62	35
62	36
62	38
62	44
62	53
62	63
62	100
63	3
63	15
63	38
63	43
63	60
63	67
63	69
64	10
64	30
64	33
64	45
64	49
64	56
64	72
64	77
64	80
65	8
65	52
65	73
65	81
65	85
65	86
65	89
65	99
66	10
66	27
66	40
66	79
66	93
67	9
67	30
67	49
67	52
67	55
67	55
67	68
67	74
67	83
67	91
67	93
68	3
68	4
68	9
68	11
68	11
68	16
68	16
68	23
68	36
68	38
68	62
68	95
69	6
69	17
69	19
69	23
69	27
69	29
69	30
69	41
69	61
69	73
69	80
69	87
70	6
70	9
70	17
70	38
70	65
70	69
70	83
70	85
71	4
71	5
71	12
71	14
71	18
71	21
71	22
71	24
71	25
71	46
71	53
71	64
71	77
71	92
71	94
72	9
72	20
72	29
72	33
72	60
72	67
72	82
72	89
72	94
73	28
73	39
73	40
73	43
73	63
73	69
73	76
73	83
73	83
73	88
73	91
73	91
73	93
73	98
74	16
74	32
74	45
74	69
74	87
74	88
74	99
75	17
75	34
75	43
75	48
75	62
75	92
76	4
76	18
76	25
76	39
76	48
76	50
76	55
76	60
76	61
76	63
76	66
76	66
76	70
76	71
76	73
76	75
76	89
76	95
77	16
77	24
77	62
77	68
77	72
77	87
77	91
77	99
78	18
78	21
78	29
78	38
78	38
78	47
78	49
78	66
78	82
78	85
79	4
79	74
79	79
79	92
79	93
79	96
79	97
79	100
80	19
80	28
80	33
80	59
80	65
80	73
80	76
80	100
81	2
81	4
81	13
81	30
81	31
81	33
81	45
81	45
81	48
81	79
81	82
81	97
82	22
82	62
82	63
82	63
82	79
82	80
82	86
83	4
83	18
83	31
83	38
83	46
83	50
83	59
83	72
83	73
83	81
83	84
84	2
84	3
84	6
84	26
84	34
84	41
84	57
84	70
84	83
84	83
84	90
84	92
84	94
85	5
85	17
85	27
85	27
85	28
85	60
85	66
85	68
85	80
85	87
85	92
86	4
86	11
86	18
86	29
86	62
86	66
86	71
87	62
87	62
87	65
87	68
87	98
88	22
88	47
88	81
88	94
89	31
89	33
89	35
89	58
89	68
89	81
89	81
89	85
89	99
90	2
90	12
90	23
90	32
90	65
91	14
91	16
91	18
91	23
91	46
91	52
91	53
91	64
91	68
92	10
92	12
92	14
92	19
92	33
92	62
92	67
92	100
92	100
93	41
93	55
93	72
93	78
93	88
93	88
94	1
94	6
94	10
94	29
94	45
94	59
94	71
94	72
94	72
94	78
95	9
95	25
95	25
95	39
95	43
95	56
95	59
95	62
95	69
95	76
95	78
95	94
96	6
96	16
96	25
96	50
96	54
96	56
96	67
96	84
96	93
96	95
96	96
96	99
97	4
97	9
97	14
97	47
97	49
97	60
97	81
97	86
98	1
98	6
98	20
98	23
98	30
98	31
98	34
98	35
98	62
98	64
98	79
98	87
98	92
99	30
99	68
99	88
99	90
100	3
100	29
100	45
100	47
100	79
100	85
100	88
100	100
101	2
101	16
101	17
101	31
101	49
101	63
101	65
101	67
101	80
101	87
101	90
102	10
102	10
102	26
102	34
102	35
103	4
103	42
103	45
103	53
103	54
103	58
103	63
103	64
103	66
103	71
103	89
104	4
104	20
104	50
104	57
104	77
105	2
105	7
105	15
105	23
105	28
105	30
105	37
105	42
105	45
105	61
105	63
105	77
105	96
105	98
105	100
106	17
106	25
106	31
106	40
106	53
106	61
106	65
106	75
106	83
106	100
107	2
107	7
107	10
107	24
107	24